5.468907325511602746e-01
6.003884597138728907e-01
6.562504439434921899e-01
7.143155855022115253e-01
7.743158079855353426e-01
8.358541636320755419e-01
8.984062874092223483e-01
9.613437772241535395e-01
1.023973368624582214e+00
1.085583045453341944e+00
1.145486592446014695e+00
1.203060490612773314e+00
1.257770054700352746e+00
1.309184325848324448e+00
1.356981130079551345e+00
1.400945449611818994e+00
1.440968734865607948e+00
1.477075129961659350e+00
1.509569052981508452e+00
1.539612208459415044e+00
1.571077173050623665e+00
1.615553524416604381e+00
1.703574788245697524e+00
1.904743586073500028e+00
2.353846761824395895e+00
3.266361825129922014e+00
4.910012705736000349e+00
7.498626475371381161e+00
1.101480829744541445e+01
1.504566137717459640e+01
1.877250813391584572e+01
2.120858415889699700e+01
2.161501470149622861e+01
1.986106529878814442e+01
1.649115060385854648e+01
1.245223392032958287e+01
8.666252843238785530e+00
5.707781010336606897e+00
3.726701619008252475e+00
2.572363588572790682e+00
1.980277270102428933e+00
1.709013633279674149e+00
1.594540438689741713e+00
1.546432233632147213e+00
1.522783779143834781e+00
1.506973514868872766e+00
1.493307000252379835e+00
1.480099268242424326e+00
1.466930435630242169e+00
1.453725580552485575e+00
1.440490201030217854e+00
1.427244489634043711e+00
1.414009257513108020e+00
1.400803454624952149e+00
1.387643949063471105e+00
1.374545705716142541e+00
1.361522141705471922e+00
1.348586026195456755e+00
1.335752329299957131e+00
1.323047113522500817e+00
1.310532448680258533e+00
1.298366978488906476e+00
1.286930316214359937e+00
1.277030022217115590e+00
1.270153607175295685e+00
1.268607551593704530e+00
1.275248331907664623e+00
1.292508368807094188e+00
1.320736877531293540e+00
1.356505613793308473e+00
1.392072831601084637e+00
1.417018476595374610e+00
1.421894188915692636e+00
1.402215336825525904e+00
1.360509144229989476e+00
1.305149845605758863e+00
1.246709069604818421e+00
1.193979495886262843e+00
1.151668651290570278e+00
1.120374988443558983e+00
1.098080044537680378e+00
1.081915862363200809e+00
1.069363587519077674e+00
1.058703197865723755e+00
1.048958120449928311e+00
1.039653252795918137e+00
1.030587442104488494e+00
1.021687923297262435e+00
1.012943202314525060e+00
1.004403832029103549e+00
9.962833780533936201e-01
9.892933431493268204e-01
9.855353325114599716e-01
9.905466399644800024e-01
1.017287966531539078e+00
1.092502434373939124e+00
1.264236110408225588e+00
1.606034090933400993e+00
2.209678945121361870e+00
3.158068193070609375e+00
4.477552025042593975e+00
6.085231966428613859e+00
7.762644467759280076e+00
9.187278689586792169e+00
1.002773131755662916e+01
1.006731875282790334e+01
9.293753899972697852e+00
7.904399123154174589e+00
6.224041620217257709e+00
4.581790025225369156e+00
3.210335179864887589e+00
2.207023673516062434e+00
1.555117429084132308e+00
1.175342191430914562e+00
9.752497195108430494e-01
8.789152334899783536e-01
8.362831636369381094e-01
8.202595636737537443e-01
8.200095967048731671e-01
8.352347402181435898e-01
8.724313556754917931e-01
9.419229354907423524e-01
1.053940844315323089e+00
1.212944111237593159e+00
1.411305029363727925e+00
1.625467917732923206e+00
1.818148859236427217e+00
1.947927720679466734e+00
1.983344351083704549e+00
1.915051820169346275e+00
1.759642164067816594e+00
1.553003388027196063e+00
1.336794700873090935e+00
1.144928677665360661e+00
9.958758000241786368e-01
8.925157639801641896e-01
8.272801317991289594e-01
7.887324048378067110e-01
7.666248206426358180e-01
7.544898241689884655e-01
7.505715181978109829e-01
7.587576648198838258e-01
7.911316313044410853e-01
8.728944921356449616e-01
1.048599283004445493e+00
1.385935596691691529e+00
1.970654058377793838e+00
2.885966199717387326e+00
4.174758724411903543e+00
5.793888425338955095e+00
7.582113215244780768e+00
9.267360791055640590e+00
1.052670826158428774e+01
1.108539484859953106e+01
1.081447283038536611e+01
9.779985808345125875e+00
8.218217278053476349e+00
6.449604808370297704e+00
4.773835997329875624e+00
3.392226987937896787e+00
2.382034169161428849e+00
1.718140459556255717e+00
1.318749097629306366e+00
1.090075482457270928e+00
9.552079632425007905e-01
8.645915457783859281e-01
7.933873673141063065e-01
7.330221896000758131e-01
6.825937225480249726e-01
6.429721079433698971e-01
6.140591258823993037e-01
5.943361271794115330e-01
5.814911956418514771e-01
5.731975790353704969e-01
5.675986719197163577e-01
5.634426083742074542e-01
5.599940905532072577e-01
5.568704251487621715e-01
5.538931958438737535e-01
5.509872864641369716e-01
5.481238961505470186e-01
5.452928169552787585e-01
5.424905695437265418e-01
5.397158820746684738e-01
5.369681439308530146e-01
5.342469284166233567e-01
5.315518591934882409e-01
5.288825762365741978e-01
5.262387278511511113e-01
5.236199688829443755e-01
5.210259602696886150e-01
5.184563688592468411e-01
5.159108672781482774e-01
5.133891338107288149e-01
5.108908522822380727e-01
5.084157119448126094e-01
5.059634073660645992e-01
5.035336383203176114e-01
5.011261096822672290e-01
4.987405313231632054e-01
4.963766180093367453e-01
4.940340893030751301e-01
4.917126694657819597e-01
4.894120873633098223e-01
4.871320763735150217e-01
4.848723742958953586e-01
4.826327232632762754e-01
4.804128696555389766e-01
4.782125640152664614e-01
4.760315609653293922e-01
4.738696191283552350e-01
4.717265010479442799e-01
4.696019731117506701e-01
4.674958054762388682e-01
4.654077719931267176e-01
4.633376501374921186e-01
4.612852209375128409e-01
4.592502689057139098e-01
4.572325819717758533e-01
4.552319514168605141e-01
4.532481718093474554e-01
4.512810409420037749e-01
4.493303597705438635e-01
4.473959323535677268e-01
4.454775657937726230e-01
4.435750701804435647e-01
4.416882585332742583e-01
4.398169467473500016e-01
4.379609535393151898e-01
4.361201003947597910e-01
4.342942115167162109e-01
4.324831137752606081e-01
4.306866366582022820e-01
4.289046122228462044e-01
4.271368750487937738e-01
4.253832621916893708e-01
4.236436131380602044e-01
4.219177697609935995e-01
4.202055762768712177e-01
4.185068792029173479e-01
4.168215273157158118e-01
4.151493716105397747e-01
4.134902652616053720e-01
4.118440635830680208e-01
4.102106239909324437e-01
4.085898059656508097e-01
4.069814710155884030e-01
4.053854826411723566e-01
4.038017062998411899e-01
4.022300093717000036e-01
4.006702611258130542e-01
3.991223326873019617e-01
3.975860970050307808e-01
3.960614288199584831e-01
3.945482046341919902e-01
3.930463026805892102e-01
3.915556028930312071e-01
3.900759868772679106e-01
3.886073378823379221e-01
3.871495407726194271e-01
3.857024820003498444e-01
3.842660495787605379e-01
3.828401330557653637e-01
3.814246234880674380e-01
3.800194134158664250e-01
3.786243968380533231e-01
3.772394691878871997e-01
3.758645273090917005e-01
3.744994694325346485e-01
3.731441951532173396e-01
3.717986054078744607e-01
3.704626024528653305e-01
3.691360898425598558e-01
3.678189724081424861e-01
3.665111562368164044e-01
3.652125486513960739e-01
3.639230581903011297e-01
3.626425945879026003e-01
3.613710687553302603e-01
3.601083927615175151e-01
3.588544798147011439e-01
3.576092442442323494e-01
3.563726014827466870e-01
3.551444680486247063e-01
3.539247615288765303e-01
3.527134005622337698e-01
3.515103048225894922e-01
3.503153950028344843e-01
3.491285927988370674e-01
3.479498208938852644e-01
3.467790029432561427e-01
3.456160635591895569e-01
3.444609282960802710e-01
3.433135236359578513e-01
3.421737769742030366e-01
3.410416166055904585e-01
3.399169717104727484e-01
3.387997723413575524e-01
3.376899494096021748e-01
3.365874346724049837e-01
3.354921607200084810e-01
3.344040609631824257e-01
3.333230696208354105e-01
3.322491217079582282e-01
3.311821530236824795e-01
3.301221001396129617e-01
3.290689003883460195e-01
3.280224918521539301e-01
3.269828133519534497e-01
3.259498044364211311e-01
3.249234053712267700e-01
3.239035571285796000e-01
3.228902013769060497e-01
3.218832804706459605e-01
3.208827374403447341e-01
3.198885159828240288e-01
3.189005604518175274e-01
3.179188158493683192e-01
3.169432278213231702e-01
3.159737426695025664e-01
3.150103074343363896e-01
3.140528702566020569e-01
3.131013817791546416e-01
3.121558001929953807e-01
3.112161082603340234e-01
3.102823672193125715e-01
3.093548769014282107e-01
3.084346212933152809e-01
3.075244280152904519e-01
3.066317835187490903e-01
3.057751915769668094e-01
3.049974800120545670e-01
3.043914609000450411e-01
3.041451583463408159e-01
3.046137491259363617e-01
3.064205598148576071e-01
3.105766210591162091e-01
3.185858123427499633e-01
3.324742019684538974e-01
3.546599000181210326e-01
3.875836625147658920e-01
4.330710724881536855e-01
4.915004955776228757e-01
5.609835106287799356e-01
6.368688908721349407e-01
7.118852780824003190e-01
7.770942017403824620e-01
8.235531483932045926e-01
8.442862513301663263e-01
8.359696424760454381e-01
7.997713485152035950e-01
7.410536558799287743e-01
6.680423049470338714e-01
5.899170589932626330e-01
5.149321172812860725e-01
4.490843453830449805e-01
3.955818516414640329e-01
3.550623637172788394e-01
3.262971490100828320e-01
3.070508523928623945e-01
2.948316333038866754e-01
2.873936382388105337e-01
2.829767276893241368e-01
2.803456862287194151e-01
2.787159726557501549e-01
2.776409037176091887e-01
2.769075316091738070e-01
2.764615152241468587e-01
2.763622329394708754e-01
2.767586800911807643e-01
2.778719847269947030e-01
2.799696788714531315e-01
2.833198088071864906e-01
2.881202145252502733e-01
2.944098594642120537e-01
3.019825996348657338e-01
3.103340626100840050e-01
3.186729310213368138e-01
3.260146479005504028e-01
3.313499192755562373e-01
3.338509589407713807e-01
3.330580325114220752e-01
3.289884406775814840e-01
3.221323485835990708e-01
3.133368439334136557e-01
3.036160021361687389e-01
2.939455563922247494e-01
2.850987440402152351e-01
2.775584585836355922e-01
2.715112635294449350e-01
2.669038157921740928e-01
2.635299001577597888e-01
2.611175869770175906e-01
2.593963657243732457e-01
2.581368845573115411e-01
2.571659621656613437e-01
2.563646398327003029e-01
2.556576830168572068e-01
2.550009485187956226e-01
2.543702819559516826e-01
2.537533096855391079e-01
2.531440778581023898e-01
2.525398859704580112e-01
2.519395730101519071e-01
2.513426602919117125e-01
2.507489530813156731e-01
2.501583678429760704e-01
2.495708621331383104e-01
2.489864079102042105e-01
2.484049819854171615e-01
2.478265628061685766e-01
2.472511294339195809e-01
2.466786612367709297e-01
2.461091378009330477e-01
2.455425389056569707e-01
2.449788445151460103e-01
2.444180347750542492e-01
2.438600900101439706e-01
2.433049907219283492e-01
2.427527175867952025e-01
2.422032514538355885e-01
2.416565733427912532e-01
2.411126644421833776e-01
2.405715061071957706e-01
2.400330798577385572e-01
2.394973673765877775e-01
2.389643505072844842e-01
2.384340112524326594e-01
2.379063317716306192e-01
2.373812943797514174e-01
2.368588815449518825e-01
2.363390758869030328e-01
2.358218601749758059e-01
2.353072173263626998e-01
2.347951304044069709e-01
2.342855826167093980e-01
2.337785573133581707e-01
2.332740379853484869e-01
2.327720082625701348e-01
2.322724519123450515e-01
2.317753528375527394e-01
2.312806950749552448e-01
2.307884627936047095e-01
2.302986402929908805e-01
2.298112120015836368e-01
2.293261624749156902e-01
2.288434763942165107e-01
2.283631385646019973e-01
2.278851339134239373e-01
2.274094474887923267e-01
2.269360644578366781e-01
2.264649701051835440e-01
2.259961498312978712e-01
2.255295891509189743e-01
2.250652736915999541e-01
2.246031891919059997e-01
2.241433215000707690e-01
2.236856565722962764e-01
2.232301804713300308e-01
2.227768793648107204e-01
2.223257395237918377e-01
2.218767473212208685e-01
2.214298892304375765e-01
2.209851518236107260e-01
2.205425217702371155e-01
2.201019858357427250e-01
2.196635308799043673e-01
2.192271438554237173e-01
2.187928118067770655e-01
2.183605218693247807e-01
2.179302612707021414e-01
2.175020173379331734e-01
2.170757775237304454e-01
2.166515294881088405e-01
2.162292613366176008e-01
2.158089622758299353e-01
2.153906243305749313e-01
2.149742466205897262e-01
2.145598454876619654e-01
2.141474772666651094e-01
2.137372868259031777e-01
2.133296054567732913e-01
2.129251371276356941e-01
2.125252916172639395e-01
2.121327418004384235e-01
2.117522891487390868e-01
2.113920972585020819e-01
2.110652731241887403e-01
2.107916180731424782e-01
2.105991324752163607e-01
2.105245793213849081e-01
2.106121878020820182e-01
2.109095581567931865e-01
2.114601741138152358e-01
2.122927321494949560e-01
2.134086872295882509e-01
2.147706968633902591e-01
2.162955272798090522e-01
2.178549319687205499e-01
2.192866908514584656e-01
2.204155148514676532e-01
2.210805138313285678e-01
2.211634136008249485e-01
2.206107089686061007e-01
2.194440198819415655e-01
2.177558803003153409e-01
2.156920926036526853e-01
2.134252967733189510e-01
2.111263653158850229e-01
2.089401012549011727e-01
2.069697468272228003e-01
2.052718810811350325e-01
2.038604693644098242e-01
2.027169620719307119e-01
2.018027613599223113e-01
2.010709159688531811e-01
2.004750860875096075e-01
1.999751083308896338e-01
1.995394986307221508e-01
1.991458006306231765e-01
1.987798612966644729e-01
1.984350458139667039e-01
1.981122559226735080e-01
1.978215001069489887e-01
1.975857020983841916e-01
1.974473522225981825e-01
1.974783489283685467e-01
1.977927461981354718e-01
1.985609466339789131e-01
2.000221354236859372e-01
2.024896985543627737e-01
2.063426623102684043e-01
2.119958487840598316e-01
2.198435973100748286e-01
2.301773043075108216e-01
2.430854247437107263e-01
2.583542187179199701e-01
2.753952445004973493e-01
2.932275995369018617e-01
3.105362681004369962e-01
3.258122513992235958e-01
3.375585703150659755e-01
3.445250318354461383e-01
3.459213168325462884e-01
3.415582220048447026e-01
3.318821458040405181e-01
3.178941253721427329e-01
3.009737319023669810e-01
2.826506624277850266e-01
2.643761629233508659e-01
2.473406528048357478e-01
2.323664997478991356e-01
2.198826387079619582e-01
2.099679539062030975e-01
2.024381965984414500e-01
1.969483379200538953e-01
1.930870427640007381e-01
1.904489076896927480e-01
1.886795446569229651e-01
1.874958762998130135e-01
1.866880364475549114e-01
1.861102687723614479e-01
1.856671658712702455e-01
1.852996232089209883e-01
1.849728820919065431e-01
1.846674927616474560e-01
1.843730804573576465e-01
1.840843612574129262e-01
1.837987614303982775e-01
1.835150794362553905e-01
1.832327756012881725e-01
1.829516148035609246e-01
1.826714957598160327e-01
1.823923734161859989e-01
1.821142253262383603e-01
1.818370377527603887e-01
1.815608001817514694e-01
1.812855032520392096e-01
1.810111380083430366e-01
1.807376956436372306e-01
1.804651674148646801e-01
1.801935446183416389e-01
1.799228185894610199e-01
1.796529807229377551e-01
1.793840225401204802e-01
1.791159358825709091e-01
1.788487134483911500e-01
1.785823502235363291e-01
1.783168471541951294e-01
1.780522202146355426e-01
1.777885219237020087e-01
1.775258903844712521e-01
1.772646565434843613e-01
1.770055691021987787e-01
1.767502461206490183e-01
1.765020420459348094e-01
1.762676364125204675e-01
1.760598056143318491e-01
1.759020130655380987e-01
1.758355937975611405e-01
1.759303184789535457e-01
1.762988500721411611e-01
1.771148745762761434e-01
1.786333433184322250e-01
1.812092828815202450e-01
1.853092385001633424e-01
1.915072063785573375e-01
2.004558404180570019e-01
2.128249577303387707e-01
2.292039119415852644e-01
2.499725365783651565e-01
2.751561225343692740e-01
3.042908375567566215e-01
3.363335013725935463e-01
3.696498787511194872e-01
4.021060847158683949e-01
4.312684485458224692e-01
4.546918393591848906e-01
4.702515614721469728e-01
4.764571749699457737e-01
4.726841882587378696e-01
4.592737496479600279e-01
4.374782978934894651e-01
4.092651622362827313e-01
3.770207685047280988e-01
3.432169885871855786e-01
3.101037829966581949e-01
2.794793425371965290e-01
2.525656623575911475e-01
2.299914288645874272e-01
2.118624262628625854e-01
1.978869880716261076e-01
1.875214854626334748e-01
1.801065734541812402e-01
1.749752879037251851e-01
1.715252708734306686e-01
1.692565228569794800e-01
1.677817301492031954e-01
1.668183552178896245e-01
1.661711586288321663e-01
1.657118177477956700e-01
1.653598759627088743e-01
1.650671047283525095e-01
1.648058169209717649e-01
1.645607690444624016e-01
1.643239029884937530e-01
1.640911243308898759e-01
1.638604310456686364e-01
1.636308795900581481e-01
1.634020401365356145e-01
1.631737223239240475e-01
1.629458431973410393e-01
1.627183664541251573e-01
1.624912760694809666e-01
1.622645663292579532e-01
1.620382405562708905e-01
1.618123166587774608e-01
1.615868418043307497e-01
1.613619228975322339e-01
1.611377855091937206e-01
1.609148825607886468e-01
1.606940860629867407e-01
1.604770102200102355e-01
1.602665300503963719e-01
1.600675711661574963e-01
1.598882443509407059e-01
1.597413699638980111e-01
1.596463667410623621e-01
1.596313547653533949e-01
1.597351413889294136e-01
1.600085404611563400e-01
1.605142670780485559e-01
1.613245305604709134e-01
1.625155153656804019e-01
1.641582833859543122e-01
1.663062935337863146e-01
1.689806660833367835e-01
1.721553515673604207e-01
1.757452190921318658e-01
1.796004272318020289e-01
1.835100035556606890e-01
1.872162273689867429e-01
1.904393355076240968e-01
1.929096795177515922e-01
1.944023705504757116e-01
1.947682870900198648e-01
1.939555257935432209e-01
1.920170178604839184e-01
1.891027615021256825e-01
1.854382505380017254e-01
1.812933994122356285e-01
1.769478937536535512e-01
1.726590860466369892e-01
1.686373828118973017e-01
1.650319714244587732e-01
1.619273434994766281e-01
1.593490027791861219e-01
1.572754226575899805e-01
1.556528901377313978e-01
1.544102279477777284e-01
1.534712449969735104e-01
1.527637978975876498e-01
1.522252757879088425e-01
1.518049800092224899e-01
1.514642108478417570e-01
1.511749381929884950e-01
1.509178121025718522e-01
1.506800606841241230e-01
1.504536044652903803e-01
1.502335359599479003e-01
1.500169889298466619e-01
1.498023519186802710e-01
1.495887524380391242e-01
1.493757365423207806e-01
1.491630804010832256e-01
1.489506868859258037e-01
1.487385361305163800e-01
1.485266725308840297e-01
1.483152216199614959e-01
1.481044394028220856e-01
1.478948049233378970e-01
1.476871744239504625e-01
1.474830219444163704e-01
1.472847948144907215e-01
1.470964099966653171e-01
1.469239041343834984e-01
1.467762214850745761e-01
1.466660759720468110e-01
1.466107565081535835e-01
1.466326655902337461e-01
1.467593063719522251e-01
1.470223891263723603e-01
1.474557466549760165e-01
1.480918603213114693e-01
1.489570204410377019e-01
1.500654656858070035e-01
1.514132178806075202e-01
1.529726662047364572e-01
1.546891507823676404e-01
1.564807479010245361e-01
1.582421071129387069e-01
1.598525478696677105e-01
1.611877931797796315e-01
1.621338802911846955e-01
1.626011592149540497e-01
1.625360584578096623e-01
1.619285645371983939e-01
1.608140995079057056e-01
1.592695293746052287e-01
1.574041453168102678e-01
1.553473583575657457e-01
1.532353239161738101e-01
1.511986712336853833e-01
1.493530002599516293e-01
1.477929920443800671e-01
1.465900919137173297e-01
1.457930012762399252e-01
1.454298261814966353e-01
1.455107514664533419e-01
1.460305008774532010e-01
1.469704733285536469e-01
1.483011188232554456e-01
1.499856206309252704e-01
1.519860950945633171e-01
1.542731873674088316e-01
1.568391138890813663e-01
1.597129878594388819e-01
1.629758937386240336e-01
1.667719800908020744e-01
1.713111892068644171e-01
1.768594736365228515e-01
1.837136742450194982e-01
1.921606505112642693e-01
2.024234927920804117e-01
2.146011670137723537e-01
2.286109943122295873e-01
2.441451274825199858e-01
2.606519478374603738e-01
2.773506966846907562e-01
2.932828070561669942e-01
3.073970237723446242e-01
3.186587045110887972e-01
3.261681553885323881e-01
3.292698523166361912e-01
3.276348384136599234e-01
3.213026042628773227e-01
3.106756230811270614e-01
2.964679799940272975e-01
2.796173998095002888e-01
2.611757517031607634e-01
2.421956552315295830e-01
2.236298158042246409e-01
2.062557141026714613e-01
1.906324366056652564e-01
1.770902107997382735e-01
1.657479242863610924e-01
1.565504583864794075e-01
1.493163782989022081e-01
1.437871789567303493e-01
1.396713017976374815e-01
1.366787790425802451e-01
1.345449559536648354e-01
1.330438143299027820e-01
1.319927479534618586e-01
1.312512218433826150e-01
1.307157321414604834e-01
1.303130889183668484e-01
1.299934824407650846e-01
1.297242283493875437e-01
1.294846181571565336e-01
1.292619685575904787e-01
1.290487634865850886e-01
1.288406902763894746e-01
1.286353514169383816e-01
1.284314549891410473e-01
1.282283259956598365e-01
1.280256224700715151e-01
1.278231764938086157e-01
1.276209082648075976e-01
1.274187812199516212e-01
1.272167793724256479e-01
1.270148962361440925e-01
1.268131295840842498e-01
1.266114790454703487e-01
1.264099450378797784e-01
1.262085283071209263e-01
1.260072297348364401e-01
1.258060502620980403e-01
1.256049908612211496e-01
1.254040525317609844e-01
1.252032363141399041e-01
1.250025433304934042e-01
1.248019748781412502e-01
1.246015326346522900e-01
1.244012190922245270e-01
1.242010384492464592e-01
1.240009983908341301e-01
1.238011135397545925e-01
1.236014119459276639e-01
1.234019469246450673e-01
1.232028179796943596e-01
1.230042066026785508e-01
1.228064354969198024e-01
1.226100631651528688e-01
1.224160294806089094e-01
1.222258710366380535e-01
1.220420263604234667e-01
1.218682484428562918e-01
1.217101328820863054e-01
1.215757515521094234e-01
1.214763520463184865e-01
1.214270420433519598e-01
1.214473282996569731e-01
1.215613297959986933e-01
1.217974462321247675e-01
1.221872531947461871e-01
1.227634317031556233e-01
1.235566365932977695e-01
1.245913696906473106e-01
1.258811386455796211e-01
1.274234203358520223e-01
1.291951606883850190e-01
1.311496720029269869e-01
1.332157784346412743e-01
1.352998736277589709e-01
1.372911898773378492e-01
1.390700780331104724e-01
1.405185462585152034e-01
1.415318160482362531e-01
1.420293402957980566e-01
1.419636780283450861e-01
1.413258678240905952e-01
1.401464543597033541e-01
1.384920047394186393e-01
1.364576666222385715e-01
1.341569239258582347e-01
1.317100806292884896e-01
1.292330865648991800e-01
1.268281159099677591e-01
1.245768853664197540e-01
1.225371608354075131e-01
1.207423656918602678e-01
1.192037701959240137e-01
1.179144725177515562e-01
1.168542948688976318e-01
1.159947907849814275e-01
1.153037423368389602e-01
1.147487596179520147e-01
1.142998250978699976e-01
1.139308134638838677e-01
1.136201437364506572e-01
1.133507826820940312e-01
1.131098273773864515e-01
1.128878670323838207e-01
1.126782775006977544e-01
1.124765508828320798e-01
1.122797171493480073e-01
1.120858797541399443e-01
1.118938639236830290e-01
1.117029633139287742e-01
1.115127655061468881e-01
1.113230366231003632e-01
1.111336478881821688e-01
1.109445305336674154e-01
1.107556490474286420e-01
1.105669858158441210e-01
1.103785325854783061e-01
1.101902858599759644e-01
1.100022444933871635e-01
1.098144084675206911e-01
1.096267782895147397e-01
1.094393547033465364e-01
1.092521385541292828e-01
1.090651307284021126e-01
1.088783321259016584e-01
1.086917436489853173e-01
1.085053661973048589e-01
1.083192006655430695e-01
1.081332479431755672e-01
1.079475089136544275e-01
1.077619844546201661e-01
1.075766754372317058e-01
1.073915827268980827e-01
1.072067071824281265e-01
1.070220496566671176e-01
1.068376109959650322e-01
1.066533920402805147e-01
1.064693936233919724e-01
1.062856165724655605e-01
1.061020617082626544e-01
1.059187298449178749e-01
1.057356217902521156e-01
1.055527383454400447e-01
1.053700803047813300e-01
1.051876484564422537e-01
1.050054435814691545e-01
1.048234664545276834e-01
1.046417178433436818e-01
1.044601985090079788e-01
1.042789092059558526e-01
1.040978506816176291e-01
1.039170236766111810e-01
1.037364289250441718e-01
1.035560671538313243e-01
1.033759390832118680e-01
1.031960454263904231e-01
1.030163868898338747e-01
1.028369641729086764e-01
1.026577779682852770e-01
1.024788289615719689e-01
1.023001178313862475e-01
1.021216452494256022e-01
1.019434118804267153e-01
1.017654183820115854e-01
1.015876654050867911e-01
1.014101535933546461e-01
1.012328835835985402e-01
1.010558560055230537e-01
1.008790714818149220e-01
1.007025306283147320e-01
1.005262340537405041e-01
1.003501823596321257e-01
1.001743761408554062e-01
9.999881598509627323e-02
9.982350247280040445e-02
9.964843617778726403e-02
9.947361766662535243e-02
9.929904749890590410e-02
9.912472622740381434e-02
9.895065439755849901e-02
9.877683254808382329e-02
9.860326121078608064e-02
9.842994091015175306e-02
9.825687216395541379e-02
9.808405548295871801e-02
9.791149137094806720e-02
9.773918032488557173e-02
9.756712283471591363e-02
9.739531938328535587e-02
9.722377044694688331e-02
9.705247649478973559e-02
9.688143798912712823e-02
9.671065538552534036e-02
9.654012913271640961e-02
9.636985967227754135e-02
9.619984743934732740e-02
9.603009286207225825e-02
9.586059636185934041e-02
9.569135835328054784e-02
9.552237924420761694e-02
9.535365943571395830e-02
9.518519932243976744e-02
9.501699929190922378e-02
9.484905972524199091e-02
9.468138099669970442e-02
9.451396347428078770e-02
9.434680751891215411e-02
9.417991348527590678e-02
9.401328172123113447e-02
9.384691256828829597e-02
9.368080636126158156e-02
9.351496342862455902e-02
9.334938409227619416e-02
9.318406866754136431e-02
9.301901746364155121e-02
9.285423078298425670e-02
9.268970892198656608e-02
9.252545217036045599e-02
9.236146081169839539e-02
9.219773512322906872e-02
9.203427537592706598e-02
9.187108183438362496e-02
9.170815475715220211e-02
9.154549439649770082e-02
9.138310099850124879e-02
9.122097480292515326e-02
9.105911604391389580e-02
9.089752494889909162e-02
9.073620173953741985e-02
9.057514663169161095e-02
9.041435983480765326e-02
9.025384155261230446e-02
9.009359198272802460e-02
8.993361131688772103e-02
8.977389974114945159e-02
8.961445743538488939e-02
8.945528457385391874e-02
8.929638132493174230e-02
8.913774785119786548e-02
8.897938430964529022e-02
8.882129085140298697e-02
8.866346762194279862e-02
8.850591476104203992e-02
8.834863240311063848e-02
8.819162067678618100e-02
8.803487970501375215e-02
8.787840960537031398e-02
8.772221049014444771e-02
8.756628246580142050e-02
8.741062563354942694e-02
8.725524008929295972e-02
8.710012592321531022e-02
8.694528322071269633e-02
8.679071206148228357e-02
8.663641252008520699e-02
8.648238466576999017e-02
8.632862856266482199e-02
8.617514426972178176e-02
8.602193184065962117e-02
8.586899132427711079e-02
8.571632276414557772e-02
8.556392619879608918e-02
8.541180166178174993e-02
8.525994918173912529e-02
8.510836878244863735e-02
8.495706048239463903e-02
8.480602429557154709e-02
8.465526023104222308e-02
8.450476829286802938e-02
8.435454848066457900e-02
8.420460078902926304e-02
8.405492520784405008e-02
8.390552172257872976e-02
8.375639031371320820e-02
8.360753095741575713e-02
8.345894362508815556e-02
8.331062828366495032e-02
8.316258489540749588e-02
8.301481341832825378e-02
8.286731380585615758e-02
8.272008600713301463e-02
8.257312996654884996e-02
8.242644562467066338e-02
8.228003291726784796e-02
8.213389177624046134e-02
8.198802212889459706e-02
8.184242389848865595e-02
8.169709700414230780e-02
8.155204136048888053e-02
8.140725687847542857e-02
8.126274346475780008e-02
8.111850102186041189e-02
8.097452944833494204e-02
8.083082863891974390e-02
8.068739848405574733e-02
8.054423887042756747e-02
8.040134968086333489e-02
8.025873079436086910e-02
8.011638208585536436e-02
7.997430342663033875e-02
7.983249468434144847e-02
7.969095572252259119e-02
7.954968640138224134e-02
7.940868657730774938e-02
7.926795610301380635e-02
7.912749482756119279e-02
7.898730259637423701e-02
7.884737925164775341e-02
7.870772463171339661e-02
7.856833857144406019e-02
7.842922090252876788e-02
7.829037145296502409e-02
7.815179004733106838e-02
7.801347650705867109e-02
7.787543065005168852e-02
7.773765229095683238e-02
7.760014124117237122e-02
7.746289730872467361e-02
7.732592029866841576e-02
7.718921001269921089e-02
7.705276624928927842e-02
7.691658880382297447e-02
7.678067746886388378e-02
7.664503203336650583e-02
7.650965228386401307e-02
7.637453800328179720e-02
7.623968897199294437e-02
7.610510496728914442e-02
7.597078576351080914e-02
7.583673113191120863e-02
7.570294084131568013e-02
7.556941465745459219e-02
7.543615234295662775e-02
7.530315365827297547e-02
7.517041836074032923e-02
7.503794620483772437e-02
7.490573694271110416e-02
7.477379032363092037e-02
7.464210609411434105e-02
7.451068399818105981e-02
7.437952377747542032e-02
7.424862517071845192e-02
7.411798791422884169e-02
7.398761174190895962e-02
7.385749638496119651e-02
7.372764157254291240e-02
7.359804703080916055e-02
7.346871248397009169e-02
7.333963765359999276e-02
7.321082225915659381e-02
7.308226601755662966e-02
7.295396864355938038e-02
7.282592984961026861e-02
7.269814934581798893e-02
7.257062684020187948e-02
7.244336203839712995e-02
7.231635464403614322e-02
7.218960435872363857e-02
7.206311088160304024e-02
7.193687391000790077e-02
7.181089313889063575e-02
7.168516826161025479e-02
7.155969896908641326e-02
7.143448495044993352e-02
7.130952589273972797e-02
7.118482148114391173e-02
7.106037139883102094e-02
7.093617532705362438e-02
7.081223294538814550e-02
7.068854393142716408e-02
7.056510796074347280e-02
7.044192470740268108e-02
7.031899384337797487e-02
7.019631503919922244e-02
7.007388796336543046e-02
6.995171228285587683e-02
6.982978766281557059e-02
6.970811376679046656e-02
6.958669025654871942e-02
6.946551679259134471e-02
6.934459303328151247e-02
6.922391863576830839e-02
6.910349325552908595e-02
6.898331654632446075e-02
6.886338816084647263e-02
6.874370774970266218e-02
6.862427496234005386e-02
6.850508944686034551e-02
6.838615084969418279e-02
6.826745881583060060e-02
6.814901298904653404e-02
6.803081301157887228e-02
6.791285852435280379e-02
6.779514916707052308e-02
6.767768457788049530e-02
6.756046439374417678e-02
6.744348825052319529e-02
6.732675578250642279e-02
6.721026662291532117e-02
6.709402040370958387e-02
6.697801675553137490e-02
6.686225530821114649e-02
6.674673568986837224e-02
6.663145752811897027e-02
6.651642044861129366e-02
6.640162407679678358e-02
6.628706803646372547e-02
6.617275195023999967e-02
6.605867544023874549e-02
6.594483812700972780e-02
6.583123963046634552e-02
6.571787956911680217e-02
6.560475756085015764e-02
6.549187322230699826e-02
6.537922616952414334e-02
6.526681601716143033e-02
6.515464237928730862e-02
6.504270486903040993e-02
6.493100309851285168e-02
6.481953667906788230e-02
6.470830522117285155e-02
6.459730833438113995e-02
6.448654562753886044e-02
6.437601670871616333e-02
6.426572118513765308e-02
6.415565866325506628e-02
6.404582874867653652e-02
6.393623104638143650e-02
6.382686516079220940e-02
6.371773069512902399e-02
6.360882725248312441e-02
6.350015443502748935e-02
6.339171184408542992e-02
6.328349908048713779e-02
6.317551574463899089e-02
6.306776143601665330e-02
6.296023575366437031e-02
6.285293829597482507e-02
6.274586866075587688e-02
6.263902644515305373e-02
6.253241124614911106e-02
6.242602265976344988e-02
6.231986028155041962e-02
6.221392370695425639e-02
6.210821253036055700e-02
6.200272634617399331e-02
6.189746474801314374e-02
6.179242732920845610e-02
6.168761368257535266e-02
6.158302340047675655e-02
6.147865607503064794e-02
6.137451129759038254e-02
6.127058865967900669e-02
6.116688775188605653e-02
6.106340816480174821e-02
6.096014948849462489e-02
6.085711131271710067e-02
6.075429322711144164e-02
6.065169482068449858e-02
6.054931568215829452e-02
6.044715540032178508e-02
6.034521356335702247e-02
6.024348975933614680e-02
6.014198357583874777e-02
6.004069460059600905e-02
5.993962242081354169e-02
5.983876662352114600e-02
5.973812679562882921e-02
5.963770252383564230e-02
5.953749339439003141e-02
5.943749899373404477e-02
5.933771890811635058e-02
5.923815272335099247e-02
5.913880002531397839e-02
5.903966039970163365e-02
5.894073343208375282e-02
5.884201870795663369e-02
5.874351581264756345e-02
5.864522433136687418e-02
5.854714384940826882e-02
5.844927395175551765e-02
5.835161422343015242e-02
5.825416424969148688e-02
5.815692361519558817e-02
5.805989190493698188e-02
5.796306870400204370e-02
5.786645359687375006e-02
5.777004616882158716e-02
5.767384600446071041e-02
5.757785268869466955e-02
5.748206580661541221e-02
5.738648494280424589e-02
5.729110968257501713e-02
5.719593961082618944e-02
5.710097431268584128e-02
5.700621337310949471e-02
5.691165637752605005e-02
5.681730291113495923e-02
5.672315255925172717e-02
5.662920490750411595e-02
5.653545954127670026e-02
5.644191604650752869e-02
5.634857400898155011e-02
5.625543301452499284e-02
5.616249264920034762e-02
5.606975249950161416e-02
5.597721215149326079e-02
5.588487119206040493e-02
5.579272920774495936e-02
5.570078578539199715e-02
5.560904051219297400e-02
5.551749297542576955e-02
5.542614276234499038e-02
5.533498946098145549e-02
5.524403265897188248e-02
5.515327194450923148e-02
5.506270690592920264e-02
5.497233713175097430e-02
5.488216221086965330e-02
5.479218173214055881e-02
5.470239528502766901e-02
5.461280245918738452e-02
5.452340284420304634e-02
5.443419603023351427e-02
5.434518160790061114e-02
5.425635916756479937e-02
5.416772830027916791e-02
5.407928859737037158e-02
5.399103965032352875e-02
5.390298105112605043e-02
5.381511239169309985e-02
5.372743326482355697e-02
5.363994326301182308e-02
5.355264197971083828e-02
5.346552900844917661e-02
5.337860394271309178e-02
5.329186637705805168e-02
5.320531590591602578e-02
5.311895212409177558e-02
5.303277462679848592e-02
5.294678301000155934e-02
5.286097686937529100e-02
5.277535580157039635e-02
5.268991940316965911e-02
5.260466727149351596e-02
5.251959900417162846e-02
5.243471419886739510e-02
5.235001245423925864e-02
5.226549336904695586e-02
5.218115654233902029e-02
5.209700157395074499e-02
5.201302806376251198e-02
5.192923561235257557e-02
5.184562382056432522e-02
5.176219228969369118e-02
5.167894062167691094e-02
5.159586841881182856e-02
5.151297528363379258e-02
5.143026081925819448e-02
5.134772462941220722e-02
5.126536631815459960e-02
5.118318548990616335e-02
5.110118174994889712e-02
5.101935470336391165e-02
5.093770395646693427e-02
5.085622911558937420e-02
5.077492978757655595e-02
5.069380558013082683e-02
5.061285610074545832e-02
5.053208095830000884e-02
5.045147976136644952e-02
5.037105211964875567e-02
5.029079764291420618e-02
5.021071594164944890e-02
5.013080662677523586e-02
5.005106930983190677e-02
4.997150360300783856e-02
4.989210911853796115e-02
4.981288546967575087e-02
4.973383226993391415e-02
4.965494913358448753e-02
4.957623567505534817e-02
4.949769150990408761e-02
4.941931625358226415e-02
4.934110952256742788e-02
4.926307093375827117e-02
4.918520010450068425e-02
4.910749665261392172e-02
4.902996019689199320e-02
4.895259035617929161e-02
4.887538675050590031e-02
4.879834899968604062e-02
4.872147672477109004e-02
4.864476954696436012e-02
4.856822708828114482e-02
4.849184897141543826e-02
4.841563481912822264e-02
4.833958425538596726e-02
4.826369690427116665e-02
4.818797239080295503e-02
4.811241034048367726e-02
4.803701037900338922e-02
4.796177213338101430e-02
4.788669523055170268e-02
4.781177929850811276e-02
4.773702396568523659e-02
4.766242886098334686e-02
4.758799361427145519e-02
4.751371785561010058e-02
4.743960121575423877e-02
4.736564332649724485e-02
4.729184381957103611e-02
4.721820232779116999e-02
4.714471848459837050e-02
4.707139192375927456e-02
4.699822227987044548e-02
4.692520918805900138e-02
4.685235228416530923e-02
4.677965120460377685e-02
4.670710558638441201e-02
4.663471506729546801e-02
4.656247928544095943e-02
4.649039787974554999e-02
4.641847048997612551e-02
4.634669675627830360e-02
4.627507631919650782e-02
4.620360882066525121e-02
4.613229390241219141e-02
4.606113120743465100e-02
4.599012037904889189e-02
4.591926106123386808e-02
4.584855289865127914e-02
4.577799553666567905e-02
4.570758862136454354e-02
4.563733179909026244e-02
4.556722471743480246e-02
4.549726702395872485e-02
4.542745836751137939e-02
4.535779839727431539e-02
4.528828676294260891e-02
4.521892311523259544e-02
4.514970710524922326e-02
4.508063838483045843e-02
4.501171660656621415e-02
4.494294142332682512e-02
4.487431248926154748e-02
4.480582945867331995e-02
4.473749198652662157e-02
4.466929972895700846e-02
4.460125234214321055e-02
4.453334948330728987e-02
4.446559081040508954e-02
4.439797598148769592e-02
4.433050465603120827e-02
4.426317649347735750e-02
4.419599115456421257e-02
4.412894830035809374e-02
4.406204759243446262e-02
4.399528869338840270e-02
4.392867126619354190e-02
4.386219497487739427e-02
4.379585948371449849e-02
4.372966445790187756e-02
4.366360956324616405e-02
4.359769446601451104e-02
4.353191883361146042e-02
4.346628233360434745e-02
4.340078463456512048e-02
4.333542540575630736e-02
4.327020431681567053e-02
4.320512103843403978e-02
4.314017524154321187e-02
4.307536659815966451e-02
4.301069478090336490e-02
4.294615946268097451e-02
4.288176031753076350e-02
4.281749701997423357e-02
4.275336924536340261e-02
4.268937666923067198e-02
4.262551896846791116e-02
4.256179582034375075e-02
4.249820690251757821e-02
4.243475189372047235e-02
4.237143047327041057e-02
4.230824232108652827e-02
4.224518711770346158e-02
4.218226454461963815e-02
4.211947428347652400e-02
4.205681601740939718e-02
4.199428942922295294e-02
4.193189420324427291e-02
4.186963002399900907e-02
4.180749657706182149e-02
4.174549354823290509e-02
4.168362062422144299e-02
4.162187749265985198e-02
4.156026384127829709e-02
4.149877935909283833e-02
4.143742373524353373e-02
4.137619666001552537e-02
4.131509782401208281e-02
4.125412691884024208e-02
4.119328363645091001e-02
4.113256766982518325e-02
4.107197871214497004e-02
4.101151645764825049e-02
4.095118060113631109e-02
4.089097083815509959e-02
4.083088686483903745e-02
4.077092837792327396e-02
4.071109507492509660e-02
4.065138665398744522e-02
4.059180281389103417e-02
4.053234325423583917e-02
4.047300767528431986e-02
4.041379577763418857e-02
4.035470726307786860e-02
4.029574183359744405e-02
4.023689919205451770e-02
4.017817904203264956e-02
4.011958108784919458e-02
4.006110503405704848e-02
4.000275058647597554e-02
3.994451745101397500e-02
3.988640533469928195e-02
3.982841394518168293e-02
3.977054299040262697e-02
3.971279217928803951e-02
3.965516122124822934e-02
3.959764982670075512e-02
3.954025770639914283e-02
3.948298457195580091e-02
3.942583013516932217e-02
3.936879410923190686e-02
3.931187620737255917e-02
3.925507614406513468e-02
3.919839363384094305e-02
3.914182839215517989e-02
3.908538013539806372e-02
3.902904858004802024e-02
3.897283344371080260e-02
3.891673444444403857e-02
3.886075130111062148e-02
3.880488373287360043e-02
3.874913145989360846e-02
3.869349420299558057e-02
3.863797168350666111e-02
3.858256362326593913e-02
3.852726974515102709e-02
3.847208977257165347e-02
3.841702342913419499e-02
3.836207043968592467e-02
3.830723052963546510e-02
3.825250342461675862e-02
3.819788885118900051e-02
3.814338653684692937e-02
3.808899620933892810e-02
3.803471759684866338e-02
3.798055042904310841e-02
3.792649443517785018e-02
3.787254934601087808e-02
3.781871489259970576e-02
3.776499080665688540e-02
3.771137682021185461e-02
3.765787266666144328e-02
3.760447807956428246e-02
3.755119279282233269e-02
3.749801654173300081e-02
3.744494906160736325e-02
3.739199008882238690e-02
3.733913935995962496e-02
3.728639661251004905e-02
3.723376158470910469e-02
3.718123401484767221e-02
3.712881364267568013e-02
3.707650020801556839e-02
3.702429345146830003e-02
3.697219311407248105e-02
3.692019893766217142e-02
3.686831066505051602e-02
3.681652803898859821e-02
3.676485080339798872e-02
3.671327870232888452e-02
3.666181148101894938e-02
3.661044888502580641e-02
3.655919066023439329e-02
3.650803655391757219e-02
3.645698631316521970e-02
3.640603968612025204e-02
3.635519642128433315e-02
3.630445626840462375e-02
3.625381897689910343e-02
3.620328429744678472e-02
3.615285198111614640e-02
3.610252177990104505e-02
3.605229344567097149e-02
3.600216673176473425e-02
3.595214139158798422e-02
3.590221717914916788e-02
3.585239384959695852e-02
3.580267115799171118e-02
3.575304886037209556e-02
3.570352671340960155e-02
3.565410447406173328e-02
3.560478190046408031e-02
3.555555875069854599e-02
3.550643478386259627e-02
3.545740975954531776e-02
3.540848343783419699e-02
3.535965557949948684e-02
3.531092594617899622e-02
3.526229429931964504e-02
3.521376040196010082e-02
3.516532401713940575e-02
3.511698490825841679e-02
3.506874283997599845e-02
3.502059757714878069e-02
3.497254888501533793e-02
3.492459653009341580e-02
3.487674027876176003e-02
3.482897989815697537e-02
3.478131515635912024e-02
3.473374582186327525e-02
3.468627166322833799e-02
3.463889245051237492e-02
3.459160795349270484e-02
3.454441794328080156e-02
3.449732219071913880e-02
3.445032046799753611e-02
3.440341254758615824e-02
3.435659820224104544e-02
3.430987720590647494e-02
3.426324933264599665e-02
3.421671435700655850e-02
3.417027205438361720e-02
3.412392220066851750e-02
3.407766457243424640e-02
3.403149894658188263e-02
3.398542510070604039e-02
3.393944281274102054e-02
3.389355186168664658e-02
3.384775202671444494e-02
3.380204308753308878e-02
3.375642482439421277e-02
3.371089701863945465e-02
3.366545945126341727e-02
3.362011190472315864e-02
3.357485416132000022e-02
3.352968600446887965e-02
3.348460721762012288e-02
3.343961758516862670e-02
3.339471689173631463e-02
3.334990492290118569e-02
3.330518146447924988e-02
3.326054630289169284e-02
3.321599922498922469e-02
3.317154001842004263e-02
3.312716847127286646e-02
3.308288437226361567e-02
3.303868751019595901e-02
3.299457767505612621e-02
3.295055465711051873e-02
3.290661824691031717e-02
3.286276823584219353e-02
3.281900441577006305e-02
3.277532657885787182e-02
3.273173451830333619e-02
3.268822802743240330e-02
3.264480690025085841e-02
3.260147093108450161e-02
3.255821991513173363e-02
3.251505364773844831e-02
3.247197192513330555e-02
3.242897454388498496e-02
3.238606130108959147e-02
3.234323199437552643e-02
3.230048642172542867e-02
3.225782438221327236e-02
3.221524567472765915e-02
3.217275009907518551e-02
3.213033745543576042e-02
3.208800754473407207e-02
3.204576016791049059e-02
3.200359512702672521e-02
3.196151222416925702e-02
3.191951126218833812e-02
3.187759204451919709e-02
3.183575437463486563e-02
3.179399805733831852e-02
3.175232289692704601e-02
3.171072869922233334e-02
3.166921526973246609e-02
3.162778241476205815e-02
3.158642994141711013e-02
3.154515765668721577e-02
3.150396536874125464e-02
3.146285288582482270e-02
3.142182001644844985e-02
3.138086657031609328e-02
3.133999235703599506e-02
3.129919718704898823e-02
3.125848087107822165e-02
3.121784322050326008e-02
3.117728404699413383e-02
3.113680316288592459e-02
3.109640038081230504e-02
3.105607551426610782e-02
3.101582837667591491e-02
3.097565878252351093e-02
3.093556654642002843e-02
3.089555148329514375e-02
3.085561340933097238e-02
3.081575214010669542e-02
3.077596749264826723e-02
3.073625928394439072e-02
3.069662733132210927e-02
3.065707145319618299e-02
3.061759146776866017e-02
3.057818719433768456e-02
3.053885845218247755e-02
3.049960506112650571e-02
3.046042684191530708e-02
3.042132361509950964e-02
3.038229520215949067e-02
3.034334142476165230e-02
3.030446210551045877e-02
3.026565706664223129e-02
3.022692613190069641e-02
3.018826912448107150e-02
3.014968586871938014e-02
3.011117618934713164e-02
3.007273991111946224e-02
3.003437685956895573e-02
2.999608686063423915e-02
2.995786974103942582e-02
2.991972532717017755e-02
2.988165344658046119e-02
2.984365392705680062e-02
2.980572659680943634e-02
2.976787128447596145e-02
2.973008781912462109e-02
2.969237603025788597e-02
2.965473574800444462e-02
2.961716680274566540e-02
2.957966902549612545e-02
2.954224224734096349e-02
2.950488630019412750e-02
2.946760101623556796e-02
2.943038622829248843e-02
2.939324176927542859e-02
2.935616747274882865e-02
2.931916317274532724e-02
2.928222870357970534e-02
2.924536390023096608e-02
2.920856859777713754e-02
2.917184263196699948e-02
2.913518583903395090e-02
2.909859805550963491e-02
2.906207911841659358e-02
2.902562886489169422e-02
2.898924713313909274e-02
2.895293376129368448e-02
2.891668858799385788e-02
2.888051145238493961e-02
2.884440219412242462e-02
2.880836065299417076e-02
2.877238666949474485e-02
2.873648008444763119e-02
2.870064073900814583e-02
2.866486847466626423e-02
2.862916313363135165e-02
2.859352455845375063e-02
2.855795259202761199e-02
2.852244707740250393e-02
2.848700785835968710e-02
2.845163477903294921e-02
2.841632768410298424e-02
2.838108641822584960e-02
2.834591082699312523e-02
2.831080075597738194e-02
2.827575605130949049e-02
2.824077655987369470e-02
2.820586212815948471e-02
2.817101260379897137e-02
2.813622783441863118e-02
2.810150766840997447e-02
2.806685195416406750e-02
2.803226054065038539e-02
2.799773327722773417e-02
2.796327001345422225e-02
2.792887059986024281e-02
2.789453488679606921e-02
2.786026272520455288e-02
2.782605396643137233e-02
2.779190846203467846e-02
2.775782606417364837e-02
2.772380662561143780e-02
2.768984999894550866e-02
2.765595603757553186e-02
2.762212459512673746e-02
2.758835552545221143e-02
2.755464868340933016e-02
2.752100392331460060e-02
2.748742110068768535e-02
2.745390007089914056e-02
2.742044069014126437e-02
2.738704281446165470e-02
2.735370630073492501e-02
2.732043100608376462e-02
2.728721678768692219e-02
2.725406350375253126e-02
2.722097101235559577e-02
2.718793917182844161e-02
2.715496784154099175e-02
2.712205688034760240e-02
2.708920614834003926e-02
2.705641550548820023e-02
2.702368481203105965e-02
2.699101392906401095e-02
2.695840271737168919e-02
2.692585103879511707e-02
2.689335875506400006e-02
2.686092572857943020e-02
2.682855182183057491e-02
2.679623689798296682e-02
2.676398082009912374e-02
2.673178345192251879e-02
2.669964465768483869e-02
2.666756430171686107e-02
2.663554224884199031e-02
2.660357836398678788e-02
2.657167251277101419e-02
2.653982456111817281e-02
2.650803437506137061e-02
2.647630182133414029e-02
2.644462676639111956e-02
2.641300907798102907e-02
2.638144862357822557e-02
2.634994527077675133e-02
2.631849888827590342e-02
2.628710934450606551e-02
2.625577650841727853e-02
2.622450024948170394e-02
2.619328043710486900e-02
2.616211694161283546e-02
2.613100963307186247e-02
2.609995838227609569e-02
2.606896306035543995e-02
2.603802353858027802e-02
2.600713968856063762e-02
2.597631138244591714e-02
2.594553849253184580e-02
2.591482089165787414e-02
2.588415845281369712e-02
2.585355104933892770e-02
2.582299855492515075e-02
2.579250084361797007e-02
2.576205779001733073e-02
2.573166926848647132e-02
2.570133515434345345e-02
2.567105532267325435e-02
2.564082964932152403e-02
2.561065801050016119e-02
2.558054028199414909e-02
2.555047634115054436e-02
2.552046606429672626e-02
2.549050932932682770e-02
2.546060601351602878e-02
2.543075599471563211e-02
2.540095915155485620e-02
2.537121536244667935e-02
2.534152450638655490e-02
2.531188646235611392e-02
2.528230111012283107e-02
2.525276832964377244e-02
2.522328800066749380e-02
2.519386000413398677e-02
2.516448422077859418e-02
2.513516053133276265e-02
2.510588881772592845e-02
2.507666896128730311e-02
2.504750084434811952e-02
2.501838434904256683e-02
2.498931935811029778e-02
2.496030575469839613e-02
2.493134342196192538e-02
2.490243224326589913e-02
2.487357210278914876e-02
2.484476288472356464e-02
2.481600447327527229e-02
2.478729675367094543e-02
2.475863961055196905e-02
2.473003292958400601e-02
2.470147659645374402e-02
2.467297049707133094e-02
2.464451451777333046e-02
2.461610854512325322e-02
2.458775246611451942e-02
2.455944616797083729e-02
2.453118953794575230e-02
2.450298246372762528e-02
2.447482483384555429e-02
2.444671653625754212e-02
2.441865745976551372e-02
2.439064749341124730e-02
2.436268652627565645e-02
2.433477444788462521e-02
2.430691114800843933e-02
2.427909651686584527e-02
2.425133044472064028e-02
2.422361282249103909e-02
2.419594354073771256e-02
2.416832249108455399e-02
2.414074956480077513e-02
2.411322465381654859e-02
2.408574765031903236e-02
2.405831844634725644e-02
2.403093693480952767e-02
2.400360300846901898e-02
2.397631656075843720e-02
2.394907748517150284e-02
2.392188567506044194e-02
2.389474102506280312e-02
2.386764342906662340e-02
2.384059278163732504e-02
2.381358897802002619e-02
2.378663191291707432e-02
2.375972148212161794e-02
2.373285758109052943e-02
2.370604010596656999e-02
2.367926895276281640e-02
2.365254401818146085e-02
2.362586519879759581e-02
2.359923239167388553e-02
2.357264549436254020e-02
2.354610440408756722e-02
2.351960901897478390e-02
2.349315923682423340e-02
2.346675495634109598e-02
2.344039607590715432e-02
2.341408249460748964e-02
2.338781411141108504e-02
2.336159082599344183e-02
2.333541253771100055e-02
2.330927914662955097e-02
2.328319055311498312e-02
2.325714665742316389e-02
2.323114736052405566e-02
2.320519256307410419e-02
2.317928216644670608e-02
2.315341607211604188e-02
2.312759418186428190e-02
2.310181639757668062e-02
2.307608262186186879e-02
2.305039275681500591e-02
2.302474670525712919e-02
2.299914437032399284e-02
2.297358565546748707e-02
2.294807046362975361e-02
2.292259869910513378e-02
2.289717026568066638e-02
2.287178506767123531e-02
2.284644300950705934e-02
2.282114399614922073e-02
2.279588793226203572e-02
2.277067472345785729e-02
2.274550427484705803e-02
2.272037649249096861e-02
2.269529128215844876e-02
2.267024855036486181e-02
2.264524820312713640e-02
2.262029014741909899e-02
2.259537429034206429e-02
2.257050053870942805e-02
2.254566880008797292e-02
2.252087898238343613e-02
2.249613099321672374e-02
2.247142474075801422e-02
2.244676013351984759e-02
2.242213708015001680e-02
2.239755548922375480e-02
2.237301526987064623e-02
2.234851633177650093e-02
2.232405858414024044e-02
2.229964193692793306e-02
2.227526630003848207e-02
2.225093158372258226e-02
2.222663769858409036e-02
2.220238455516262283e-02
2.217817206456251800e-02
