2.437182279540054709e-04
6.362429889202894867e-04
1.550725089057269348e-03
3.456767125059009502e-03
6.957292431338614469e-03
1.255584464124352533e-02
2.025482154345929070e-02
2.918591292548044364e-02
3.760526713024590906e-02
4.344850437791240860e-02
4.523153192023071645e-02
4.273587871245432268e-02
3.701391331867135565e-02
2.975818620044225551e-02
2.252549598630286878e-02
1.629123885387723236e-02
1.143744189128452667e-02
7.965559752782000458e-03
5.706864238103362408e-03
4.467669234253560627e-03
4.188696043783912693e-03
5.258076643941829963e-03
9.140746578990745913e-03
1.943907528042322641e-02
4.319543598203242490e-02
9.153527105606458492e-02
1.779295104635796598e-01
3.124673310995467190e-01
4.927607579261589765e-01
6.960753534948910248e-01
8.798242197951837706e-01
9.946111600341273062e-01
1.005450505434829056e+00
9.089561337944460639e-01
7.350769465716847639e-01
5.321766413385216055e-01
3.455105117353399757e-01
2.019880531588332528e-01
1.074110458209126956e-01
5.330566099839432331e-02
2.625859633311989488e-02
1.443099692011098195e-02
9.948846223805481864e-03
8.543430179332706098e-03
8.264452372361709431e-03
8.347573490682031958e-03
8.533076482044535047e-03
8.743896565518211386e-03
8.959958718050992435e-03
9.176666844138736331e-03
9.393157394935323229e-03
9.609474783447287741e-03
9.826053924718337884e-03
1.004368700572847231e-02
1.026345198481502102e-02
1.048637974620438007e-02
1.071280453057140390e-02
1.094162249496251869e-02
1.117000424783973038e-02
1.139423256973887306e-02
1.161214622525819952e-02
1.182741514484719758e-02
1.205596182860682423e-02
1.233506733524642428e-02
1.273462810564899607e-02
1.336588048491787681e-02
1.437628933597752401e-02
1.591581958031475924e-02
1.806838557119439664e-02
2.076653829732991868e-02
2.373560048768339273e-02
2.651966072482159903e-02
2.860691459626101343e-02
2.960890016543819836e-02
2.940293221572822663e-02
2.816131903109547752e-02
2.626046639040164471e-02
2.413575655314129792e-02
2.216991081269110292e-02
2.066363400464134303e-02
1.987406698605822392e-02
2.006338363564980423e-02
2.149617261964913845e-02
2.435433761443508288e-02
2.858842252889962771e-02
3.377762904961757046e-02
3.909942390381857674e-02
4.348106064303205315e-02
4.591420639290164085e-02
4.580728965492368576e-02
4.320588368393958600e-02
3.877499172997853072e-02
3.357711187586230606e-02
2.880887308193393753e-02
2.569941973711960606e-02
2.570351827366578260e-02
3.096279611899517559e-02
4.479119084910219983e-02
7.172004720345348527e-02
1.165529504126230215e-01
1.821559809122730578e-01
2.664754599454464135e-01
3.602584273692511774e-01
4.473885629062263614e-01
5.088775614649008183e-01
5.294570903742614743e-01
5.036979501036885631e-01
4.383144258534526494e-01
3.493204737096272106e-01
2.556745072147292852e-01
1.728410811521120805e-01
1.091787360854185457e-01
6.595112433875929825e-02
3.976063278035527060e-02
2.550283044857437620e-02
1.848928784037535619e-02
1.537015249250084196e-02
1.417710956038131277e-02
1.398947698895486660e-02
1.457950482689811082e-02
1.616894193688268172e-02
1.926829465972511313e-02
2.450304610709097553e-02
3.234687188344556596e-02
4.276629753074149415e-02
5.490130872399986983e-02
6.698878170214797589e-02
7.669238469981390360e-02
8.180878525644516563e-02
8.107332629833677307e-02
7.466734178890591100e-02
6.415262598614356049e-02
5.186657428833869876e-02
4.009690108596099256e-02
3.042927748579454805e-02
2.350319247895512817e-02
1.916137042694462250e-02
1.680517740741972049e-02
1.574572209631021000e-02
1.542806615736391426e-02
1.551970286959327740e-02
1.593397739308645769e-02
1.688732777148585495e-02
1.907229947316813751e-02
2.397072772218387937e-02
3.422829504200099182e-02
5.386559378585936697e-02
8.796108585252263024e-02
1.414334910646056764e-01
2.168356086657362014e-01
3.116926164213063566e-01
4.166241074910241871e-01
5.157380319491926546e-01
5.900876868836372191e-01
6.234244762104783621e-01
6.079189793421349020e-01
5.471058559439621050e-01
4.545407142852889160e-01
3.488640102822341271e-01
2.477238614490274438e-01
1.632395380814541386e-01
1.004478259157936676e-01
5.847155479572003350e-02
3.305705333464321188e-02
1.904908679033656682e-02
1.198464040437111078e-02
8.700576047878594982e-03
7.271343355864506690e-03
6.666708638089219839e-03
6.395847112114137062e-03
6.248816695537278733e-03
6.144540535172207316e-03
6.054629652392451433e-03
5.970036132723989530e-03
5.888119450901583250e-03
5.808161788283074285e-03
5.729969266597756579e-03
5.653477802626683500e-03
5.578652463688354990e-03
5.505464146643601620e-03
5.433884692083292521e-03
5.363885985407033409e-03
5.295439839866133112e-03
5.228518017026229092e-03
5.163092266946154620e-03
5.099134368614753263e-03
5.036616167827593672e-03
4.975509612246501248e-03
4.915786783740523115e-03
4.857419928147548374e-03
4.800381482595800393e-03
4.744644100519565012e-03
4.690180674498077573e-03
4.636964357041206859e-03
4.584968579440454849e-03
4.534167068798345031e-03
4.484533863344549245e-03
4.436043326142023735e-03
4.388670157281766501e-03
4.342389404659962107e-03
4.297176473427085502e-03
4.253007134193851832e-03
4.209857530075021212e-03
4.167704182647685544e-03
4.126523996897006781e-03
4.086294265218427813e-03
4.046992670541895570e-03
4.008597288640089289e-03
3.971086589679203444e-03
3.934439439067940504e-03
3.898635097656928238e-03
3.863653221338200251e-03
3.829473860091310144e-03
3.796077456520151674e-03
3.763444843921944817e-03
3.731557243927456288e-03
3.700396263749126599e-03
3.669943893071731314e-03
3.640182500617933446e-03
3.611094830419249013e-03
3.582663997820999691e-03
3.554873485247934776e-03
3.527707137755805612e-03
3.501149158392100925e-03
3.475184103388164435e-03
3.449796877202955005e-03
3.424972727437757252e-03
3.400697239639613977e-03
3.376956332010087793e-03
3.353736250034868634e-03
3.331023561048548996e-03
3.308805148747991087e-03
3.287068207666591149e-03
3.265800237620933473e-03
3.244989038140485768e-03
3.224622702890056394e-03
3.204689614094096469e-03
3.185178436971164428e-03
3.166078114186145469e-03
3.147377860327331325e-03
3.129067156414642656e-03
3.111135744444971929e-03
3.093573621979929435e-03
3.076371036780808921e-03
3.059518481495239299e-03
3.043006688399356192e-03
3.026826624199207769e-03
3.010969484894412008e-03
2.995426690707012670e-03
2.980189881077978647e-03
2.965250909733535903e-03
2.950601839823322175e-03
2.936234939131910065e-03
2.922142675365161334e-03
2.908317711512582900e-03
2.894752901286655553e-03
2.881441284639858335e-03
2.868376083360023483e-03
2.855550696744416604e-03
2.842958697352815280e-03
2.830593826839680228e-03
2.818449991865429414e-03
2.806521260086681981e-03
2.794801856225201820e-03
2.783286158215238920e-03
2.771968693428753308e-03
2.760844134978096120e-03
2.749907298095445683e-03
2.739153136588389284e-03
2.728576739370914672e-03
2.718173327068957798e-03
2.707938248699765221e-03
2.697866978424056771e-03
2.687955112370175349e-03
2.678198365529185603e-03
2.668592568719943114e-03
2.659133665623103233e-03
2.649817709883060812e-03
2.640640862276694145e-03
2.631599387947841911e-03
2.622689653706472730e-03
2.613908125391355575e-03
2.605251365295171984e-03
2.596716029650902174e-03
2.588298866178418214e-03
2.579996711690097679e-03
2.571806489754371004e-03
2.563725208416022493e-03
2.555749957972233612e-03
2.547877908803090549e-03
2.540106309255616215e-03
2.532432483580097666e-03
2.524853829917681532e-03
2.517367818338118145e-03
2.509971988926618276e-03
2.502663949918743514e-03
2.495441375882252125e-03
2.488302005944933309e-03
2.481243642067310941e-03
2.474264147359336863e-03
2.467361444439935755e-03
2.460533513838539851e-03
2.453778392437560955e-03
2.447094171954964075e-03
2.440478997465823311e-03
2.433931065962179150e-03
2.427448624950088660e-03
2.421029971083090565e-03
2.414673448831206569e-03
2.408377449184596810e-03
2.402140408391042429e-03
2.395960806726458135e-03
2.389837167297591269e-03
2.383768054876213901e-03
2.377752074764238541e-03
2.371787871690440516e-03
2.365874128745359007e-03
2.360009566390204420e-03
2.354192941709690005e-03
2.348423048657625762e-03
2.342698722392663312e-03
2.337018859727564481e-03
2.331382499481912327e-03
2.325789112174204368e-03
2.320239576134101346e-03
2.314739262135148343e-03
2.309307174728224103e-03
2.304001327070273608e-03
2.298984600774919840e-03
2.294684209663448021e-03
2.292150803397197904e-03
2.293807573074191537e-03
2.304889687125079561e-03
2.335971172973834963e-03
2.406964922210918026e-03
2.552703278886229565e-03
2.829481737707100278e-03
3.320698398780007245e-03
4.138165005776832210e-03
5.414486089605975022e-03
7.282211650553092538e-03
9.838368792258944326e-03
1.309874493406108266e-02
1.695354792223063151e-02
2.114160381091525348e-02
2.526013280771485792e-02
2.881890975679667066e-02
3.133252006742576201e-02
3.242801871998091112e-02
3.193536567489342615e-02
2.993046853872840043e-02
2.671583833712802558e-02
2.274564180888245801e-02
1.852070460984770253e-02
1.448677649227633063e-02
1.096380997809318428e-02
8.119200769868963746e-03
5.981474866738663992e-03
4.479598136773777634e-03
3.489927728972944815e-03
2.876599477921333234e-03
2.518192018640250628e-03
2.320133373411508576e-03
2.216386743968313915e-03
2.165176579985649344e-03
2.142780510653364157e-03
2.137891747176808542e-03
2.147608628247284993e-03
2.175102180579635818e-03
2.228453354517968398e-03
2.319898673606730216e-03
2.464663368400319549e-03
2.678678450229783885e-03
2.974825188766332812e-03
3.357956780526363642e-03
3.819717244906479028e-03
4.334844854657059557e-03
4.860838895985835142e-03
5.342287327933936333e-03
5.719797063328289216e-03
5.941747391444205002e-03
5.975715435045131363e-03
5.816096296698229987e-03
5.485450666257711549e-03
5.029133577055677415e-03
4.504965919971341826e-03
3.971187197103826470e-03
3.476120734629806284e-03
3.051950300683614614e-03
2.713329001264259098e-03
2.459971475312407521e-03
2.281472711773363440e-03
2.162504249694198466e-03
2.087051310805648069e-03
2.041096058174627498e-03
2.013790278890773867e-03
1.997525969961119231e-03
1.987401859287394029e-03
1.980493133829788234e-03
1.975174052163113352e-03
1.970599586137046413e-03
1.966357810979257881e-03
1.962259982008299816e-03
1.958224652399520420e-03
1.954218658940937159e-03
1.950229225454117770e-03
1.946251668866751019e-03
1.942284331915486483e-03
1.938326624827930262e-03
1.934378314328375663e-03
1.930439280729325359e-03
1.926509439714620912e-03
1.922588718551186465e-03
1.918677049223465724e-03
1.914774366524515112e-03
1.910880607517085683e-03
1.906995711353005885e-03
1.903119619182218726e-03
1.899252274084013660e-03
1.895393621004551809e-03
1.891543606697069840e-03
1.887702179663964261e-03
1.883869290100544103e-03
1.880044889840405990e-03
1.876228932302377844e-03
1.872421372438987184e-03
1.868622166686370991e-03
1.864831272915650753e-03
1.861048650385698335e-03
1.857274259697277259e-03
1.853508062748466384e-03
1.849750022691406745e-03
1.846000103890275707e-03
1.842258271880486053e-03
1.838524493329074441e-03
1.834798735996231306e-03
1.831080968697939041e-03
1.827371161269728417e-03
1.823669284531478441e-03
1.819975310253197200e-03
1.816289211121907728e-03
1.812610960709433753e-03
1.808940533441100304e-03
1.805277904565469067e-03
1.801623050124852212e-03
1.797975946926764265e-03
1.794336572516205992e-03
1.790704905148759064e-03
1.787080923764493420e-03
1.783464607962638145e-03
1.779855937977068087e-03
1.776254894652402622e-03
1.772661459420954216e-03
1.769075614280317312e-03
1.765497341771593651e-03
1.761926624958359182e-03
1.758363447406186735e-03
1.754807793162861500e-03
1.751259646739148799e-03
1.747718993090188527e-03
1.744185817597426053e-03
1.740660106051150277e-03
1.737141844633516112e-03
1.733631019902235693e-03
1.730127618774910357e-03
1.726631628514928209e-03
1.723143036721351768e-03
1.719661831332638295e-03
1.716188000677298930e-03
1.712721533681313066e-03
1.709262420577906290e-03
1.705810655159057960e-03
1.702366241550730451e-03
1.698929213665601552e-03
1.695499688559717758e-03
1.692078006229280618e-03
1.688665079263050985e-03
1.685263226940667859e-03
1.681878070822108310e-03
1.678522633029873095e-03
1.675225750563748327e-03
1.672048443944149001e-03
1.669113998901893990e-03
1.666659985422377400e-03
1.665122430862196615e-03
1.665262220708770523e-03
1.668338942725641804e-03
1.676324771881798148e-03
1.692128394846034332e-03
1.719767196480205453e-03
1.764391358102715803e-03
1.832039661222550605e-03
1.929012892694982086e-03
2.060805811932798961e-03
2.230651116355234637e-03
2.437885251683926616e-03
2.676504696546484242e-03
2.934378689959069551e-03
3.193555021006395239e-03
3.431903782459265386e-03
3.626011737866561419e-03
3.754854785306372192e-03
3.803469122867418790e-03
3.765738824181237392e-03
3.645582519754267913e-03
3.456221033128137159e-03
3.217715222578700594e-03
2.953408574184825802e-03
2.686146534289110283e-03
2.435110681878374823e-03
2.213839028764611784e-03
2.029619259232412314e-03
1.884077729518699850e-03
1.774549387717554508e-03
1.695743767994435398e-03
1.641296628032197415e-03
1.604952718509365271e-03
1.581293143637607992e-03
1.566050474197788062e-03
1.556125356549553553e-03
1.549434557759152373e-03
1.544701045732575816e-03
1.541262922167560469e-03
1.538945384553326579e-03
1.538015761163808197e-03
1.539226224167053285e-03
1.543937763175678036e-03
1.554306622791709570e-03
1.573496056067881640e-03
1.605850782695189723e-03
1.656943229762898508e-03
1.733380061122160578e-03
1.842260348415273924e-03
1.990219274708623573e-03
2.182082532369103781e-03
2.419289263979018147e-03
2.698385666144993526e-03
3.009996924814050019e-03
3.338694810651631015e-03
3.664051512666253400e-03
3.962908410103979651e-03
4.212548648365859252e-03
4.394149311356510858e-03
4.495721426427590553e-03
4.513808353113671346e-03
4.453512738929047039e-03
4.326875326255997037e-03
4.150085445354926086e-03
3.940304102671350096e-03
3.712923275646041934e-03
3.479865058285218620e-03
3.249135944879060628e-03
3.025445350410372464e-03
2.811416322322421099e-03
2.608839804025848454e-03
2.419544377998471968e-03
2.245692227996731391e-03
2.089561051758004329e-03
1.953040654448422175e-03
1.837120605708033672e-03
1.741584129121209832e-03
1.665002227852883107e-03
1.604998853933854025e-03
1.558675801106567619e-03
1.523061577464345905e-03
1.495473647106726478e-03
1.473735568202197638e-03
1.456245123052289604e-03
1.441928999553225219e-03
1.430136957598626517e-03
1.420525874248441608e-03
1.412968918073574101e-03
1.407505543140236863e-03
1.404330200088993192e-03
1.403804833757663203e-03
1.406473148962310033e-03
1.413052924733400892e-03
1.424386026578102924e-03
1.441334360279013498e-03
1.464623964476645000e-03
1.494657734760924343e-03
1.531336612146421772e-03
1.573943566026564985e-03
1.621146993964555152e-03
1.671164009182415401e-03
1.722087732973461840e-03
1.772331603327060873e-03
1.821091047741182477e-03
1.868686935131605008e-03
1.916653772343647737e-03
1.967478893139001060e-03
2.023983938712103740e-03
2.088448755942330995e-03
2.161680999668016794e-03
2.242299894588552656e-03
2.326505668352661822e-03
2.408540859215484164e-03
2.481931802018737167e-03
2.541461808938298358e-03
2.585711248917732432e-03
2.619932003296764501e-03
2.659006454043723842e-03
2.730244157097999266e-03
2.875740114019740591e-03
3.153907142833104783e-03
3.639588165291735185e-03
4.421906118645103911e-03
5.598849722669919059e-03
7.267703179676892646e-03
9.510974327561854541e-03
1.237852327130478658e-02
1.586802039643060713e-02
1.990732621455254189e-02
2.434337285197443398e-02
2.894210241649478391e-02
3.340263362084884557e-02
3.738612613885575892e-02
4.055631666673555069e-02
4.262533680045332840e-02
4.339625122393826057e-02
4.279360125164945183e-02
4.087536149684287828e-02
3.782365615032574901e-02
3.391627125531463532e-02
2.948511943688451181e-02
2.487023673400832677e-02
2.037805724555402306e-02
1.625077832387539223e-02
1.265035812717017240e-02
9.657127766613598716e-03
7.280116343331928530e-03
5.474572667186291923e-03
4.161936865310105448e-03
3.248375902457609037e-03
2.639437847220464477e-03
2.249880458392554058e-03
2.008915772760684875e-03
1.861816762250892258e-03
1.769072624025752518e-03
1.704186776026321223e-03
1.650949717438590604e-03
1.600724168071361499e-03
1.550034503471648100e-03
1.498585087965656221e-03
1.447734967737878981e-03
1.399406389652845103e-03
1.355379205798614784e-03
1.316908239437641036e-03
1.284590953649339352e-03
1.258408673592054453e-03
1.237867916169662621e-03
1.222179332990845722e-03
1.210428326504465546e-03
1.201709980573438009e-03
1.195217872384512006e-03
1.190289013638624925e-03
1.186414646181637280e-03
1.183229414802013319e-03
1.180491001812729963e-03
1.178060345880190896e-03
1.175890555791705159e-03
1.174031531261849042e-03
1.172657481216660830e-03
1.172125748966209571e-03
1.173076777664974844e-03
1.176585229058849970e-03
1.184369182477704825e-03
1.199055640385484961e-03
1.224484185688655717e-03
1.266005855418586177e-03
1.330703143345024573e-03
1.427425608962747594e-03
1.566514492708218596e-03
1.759093011146928200e-03
2.015840477195783402e-03
2.345256116393535858e-03
2.751548269513374653e-03
3.232435513913113102e-03
3.777280194483449358e-03
4.366044230777551931e-03
4.969518258501812863e-03
5.551106024818435597e-03
6.070160407256611906e-03
6.486520320564244380e-03
6.765575384842195672e-03
6.882981848889316301e-03
6.828140617502898545e-03
6.605748593816808054e-03
6.235108564911407206e-03
5.747338191841661753e-03
5.181037548978479311e-03
4.577250767044865713e-03
3.974628447553962655e-03
3.405562232518003114e-03
2.893776269362797506e-03
2.453511501038146969e-03
2.090120523789464058e-03
1.801672271823358783e-03
1.581077048617503429e-03
1.418274001433302879e-03
1.302137722407248474e-03
1.221910201055565522e-03
1.168105872353560710e-03
1.132943001826282369e-03
1.110413726966378136e-03
1.096121755643458644e-03
1.087003346966561833e-03
1.081018244484121312e-03
1.076864894610487546e-03
1.073746435123306732e-03
1.071194061602922555e-03
1.068942675328298734e-03
1.066848559397581440e-03
1.064838012151248566e-03
1.062877390153129037e-03
1.060957439165612255e-03
1.059087277793406123e-03
1.057295567057701773e-03
1.055638160197011058e-03
1.054212918821971967e-03
1.053183452694974676e-03
1.052814272258101270e-03
1.053520105238069625e-03
1.055931662622953222e-03
1.060978574413307465e-03
1.069987131576975335e-03
1.084785523845102932e-03
1.107802386409686111e-03
1.142136134002139872e-03
1.191564048605720568e-03
1.260453656805384957e-03
1.353537742469684618e-03
1.475521956607366274e-03
1.630513400587501422e-03
1.821290797075896320e-03
2.048479516076138606e-03
2.309740972064285199e-03
2.599124710306213119e-03
2.906749444179308056e-03
3.218964135467516485e-03
3.519085310964834099e-03
3.788715235156393715e-03
4.009531885653176003e-03
4.165330316301004560e-03
4.244014674346469236e-03
4.239215763623021757e-03
4.151253390400802545e-03
3.987270995406111927e-03
3.760519618245967369e-03
3.488924063567855859e-03
3.193188665989186992e-03
2.894764002914715535e-03
2.613986645662277550e-03
2.368628691924648446e-03
2.172976347024407982e-03
2.037430371105324219e-03
1.968518501167451987e-03
1.969154696097460359e-03
2.038981661963982367e-03
2.174685635153559941e-03
2.370257117528523985e-03
2.617261800651599340e-03
2.905254429253838980e-03
3.222491583326712958e-03
3.557063844281481597e-03
3.898473549867934127e-03
4.239546280462371496e-03
4.578410962584530952e-03
4.920152870011650081e-03
5.277675625386564484e-03
5.671335132049698004e-03
6.127046432212763551e-03
6.672806736280396771e-03
7.333891233876271148e-03
8.127306599574722276e-03
9.056359869789372408e-03
1.010634663155434571e-02
1.124232735438318934e-02
1.240972136416229263e-02
1.353802477354498594e-02
1.454741768285430260e-02
1.535746991440312646e-02
1.589670268217093299e-02
1.611152369226613937e-02
1.597309275773485526e-02
1.548100037316488091e-02
1.466319187489030680e-02
1.357222903922383067e-02
1.227860702305108229e-02
1.086230517914542164e-02
9.403956792184395980e-03
7.976950688909875339e-03
6.641468605278160256e-03
5.441007581448235354e-03
4.401449484802195770e-03
3.532323850658480695e-03
2.829636282425720354e-03
2.279528925110480692e-03
1.862086196961767852e-03
1.554752916348066828e-03
1.335036226802615916e-03
1.182364714133184863e-03
1.079140515324152842e-03
1.011125071193022919e-03
9.673459525204060718e-04
9.397122815485084565e-04
9.224964112106501376e-04
9.117962413294817712e-04
9.050486859082022915e-04
9.006282128140625934e-04
8.975382841817841411e-04
8.951877987290811182e-04
8.932372639719826863e-04
8.914977669781282447e-04
8.898674200788133379e-04
8.882929754639760315e-04
8.867475408566951635e-04
8.852181650792798973e-04
8.836992720618763340e-04
8.821895127555694693e-04
8.806906929444727975e-04
8.792081664086814604e-04
8.777525888105538977e-04
8.763433071180961676e-04
8.750139721727253576e-04
8.738212258641892168e-04
8.728575020955752894e-04
8.722690180600424547e-04
8.722798006446980026e-04
8.732219430184213604e-04
8.755710719679517902e-04
8.799841385863784804e-04
8.873341685286903913e-04
8.987337840769977484e-04
9.155366762844820800e-04
9.393045781749200136e-04
9.717276707903579674e-04
1.014489715799007452e-03
1.069076176503390863e-03
1.136534076571977516e-03
1.217205255211496317e-03
1.310467804168608062e-03
1.414530728155211472e-03
1.526330875281048816e-03
1.641576145407168136e-03
1.754963662885562639e-03
1.860577057219696406e-03
1.952436815839872107e-03
2.025147472979935744e-03
2.074561633769617022e-03
2.098369183930580504e-03
2.096523829706022947e-03
2.071438295154153821e-03
2.027910539951667535e-03
1.972780152473979122e-03
1.914349627166786472e-03
1.861633542509487111e-03
1.823516148461491217e-03
1.807903977527671683e-03
1.820956730938470651e-03
1.866469962734022218e-03
1.945469718081620659e-03
2.056063487535538317e-03
2.193573065355084502e-03
2.350951622521837460e-03
2.519458528811539724e-03
2.689532297689115666e-03
2.851768626281036764e-03
2.997883752637649918e-03
3.121531304530265893e-03
3.218850172857445034e-03
3.288654450750771140e-03
3.332231127165613711e-03
3.352778031658609596e-03
3.354580167755936114e-03
3.342072499339177830e-03
3.318959484768935295e-03
3.287550093359651801e-03
3.248423343300620852e-03
3.200472781360334286e-03
3.141303337121799464e-03
3.067886910513691057e-03
2.977337906040719920e-03
2.867655175167458000e-03
2.738293658600219217e-03
2.590471541236699995e-03
2.427175902109102862e-03
2.252888488073338455e-03
2.073101298173243411e-03
1.893720783671673773e-03
1.720466404085604743e-03
1.558355893760058350e-03
1.411341648754175365e-03
1.282127885964445347e-03
1.172164348091705478e-03
1.081785334297065545e-03
1.010446134930777402e-03
9.570032356959203533e-04
9.199884461256022279e-04
8.978376181296731685e-04
8.890487054026327118e-04
8.922587831923691881e-04
9.062432542910088670e-04
9.298515636528413997e-04
9.619017033613841416e-04
1.001060341534059294e-03
1.045736431599966288e-03
1.094013610425707828e-03
1.143640694177716416e-03
1.192090581349142687e-03
1.236686816623415236e-03
1.274785434115747974e-03
1.303989351099830822e-03
1.322365452865315819e-03
1.328632147425227138e-03
1.322288323161780778e-03
1.303662983229485596e-03
1.273876931585209973e-03
1.234721491806695885e-03
1.188471761813512202e-03
1.137661012772049575e-03
1.084846979989630448e-03
1.032399521043492457e-03
9.823331206662198022e-04
9.361985819462993741e-04
8.950379905777284617e-04
8.593976596046810131e-04
8.293867751118424309e-04
8.047656686989398999e-04
7.850470786350133030e-04
7.695958439560132355e-04
7.577162496840721042e-04
7.487206618616862536e-04
7.419772574441766549e-04
7.369379534324090953e-04
7.331497896920549087e-04
7.302540283960704936e-04
7.279773072950217715e-04
7.261186269082108794e-04
7.245350716273047829e-04
7.231282152678220878e-04
7.218323140700498575e-04
7.206047327714812031e-04
7.194186035832649548e-04
7.182574614110137038e-04
7.171114876814271280e-04
7.159749814187732616e-04
7.148447175335913154e-04
7.137189170946672562e-04
7.125966222828175253e-04
7.114773287491567679e-04
7.103607758577219766e-04
7.092468304960292255e-04
7.081354245445465809e-04
7.070265221604214853e-04
7.059201031277695252e-04
7.048161546116203094e-04
7.037146671821018070e-04
7.026156329476800208e-04
7.015190447008977717e-04
7.004248955379098343e-04
6.993331786928479610e-04
6.982438874677740492e-04
6.971570152036693849e-04
6.960725552686915403e-04
6.949905010536703816e-04
6.939108459700943799e-04
6.928335834495845565e-04
6.917587069435091572e-04
6.906862099228373939e-04
6.896160858781685008e-04
6.885483283195103403e-04
6.874829307763715607e-04
6.864198867976224923e-04
6.853591899514232654e-04
6.843008338252728161e-04
6.832448120259013331e-04
6.821911181791513214e-04
6.811397459300786491e-04
6.800906889427427550e-04
6.790439409002736520e-04
6.779994955047982013e-04
6.769573464772598095e-04
6.759174875576218254e-04
6.748799125045187516e-04
6.738446150954826262e-04
6.728115891266768511e-04
6.717808284129765314e-04
6.707523267878839077e-04
6.697260781033986853e-04
6.687020762301008675e-04
6.676803150570090502e-04
6.666607884915545096e-04
6.656434904595654812e-04
6.646284149051132030e-04
6.636155557905884603e-04
6.626049070965146694e-04
6.615964628216968466e-04
6.605902169829661703e-04
6.595861636151642603e-04
6.585842967712559346e-04
6.575846105220672661e-04
6.565870989563738370e-04
6.555917561807900413e-04
6.545985763197536894e-04
6.536075535154070712e-04
6.526186819276784878e-04
6.516319557340399327e-04
6.506473691296816480e-04
6.496649163272460612e-04
6.486845915569601669e-04
6.477063890664264915e-04
6.467303031207119988e-04
6.457563280022169012e-04
6.447844580105997411e-04
6.438146874628274813e-04
6.428470106930591699e-04
6.418814220525922726e-04
6.409179159098079203e-04
6.399564866502167708e-04
6.389971286762041128e-04
6.380398364072349974e-04
6.370846042796234109e-04
6.361314267465152531e-04
6.351802982779402706e-04
6.342312133605774354e-04
6.332841664979078173e-04
6.323391522100028396e-04
6.313961650336210978e-04
6.304551995219775332e-04
6.295162502448843796e-04
6.285793117885863637e-04
6.276443787557221083e-04
6.267114457653891841e-04
6.257805074528198248e-04
6.248515584697016340e-04
6.239245934838366040e-04
6.229996071792603778e-04
6.220765942560329978e-04
6.211555494304258230e-04
6.202364674345942075e-04
6.193193430168138572e-04
6.184041709412005632e-04
6.174909459877684238e-04
6.165796629523863674e-04
6.156703166466975970e-04
6.147629018981061455e-04
6.138574135496634686e-04
6.129538464601270997e-04
6.120521955038133073e-04
6.111524555705814821e-04
6.102546215658247045e-04
6.093586884104204137e-04
6.084646510406045315e-04
6.075725044079348163e-04
6.066822434794288824e-04
6.057938632372627911e-04
6.049073586788359953e-04
6.040227248167586533e-04
6.031399566788005640e-04
6.022590493077843721e-04
6.013799977615053374e-04
6.005027971129126138e-04
5.996274424497452819e-04
5.987539288747061473e-04
5.978822515054087227e-04
5.970124054741381614e-04
5.961443859281116827e-04
5.952781880291269654e-04
5.944138069537053702e-04
5.935512378930590891e-04
5.926904760528400439e-04
5.918315166533790611e-04
5.909743549294541780e-04
5.901189861302599598e-04
5.892654055193901523e-04
5.884136083748679313e-04
5.875635899889892350e-04
5.867153456682626996e-04
5.858688707335342341e-04
5.850241605197672523e-04
5.841812103760313972e-04
5.833400156655866751e-04
5.825005717656263913e-04
5.816628740674472612e-04
5.808269179762515439e-04
5.799926989112069980e-04
5.791602123052897811e-04
5.783294536053396355e-04
5.775004182720340842e-04
5.766731017797204883e-04
5.758474996164763280e-04
5.750236072840710392e-04
5.742014202978270188e-04
5.733809341866657030e-04
5.725621444931040978e-04
5.717450467730306749e-04
5.709296365958549911e-04
5.701159095444212777e-04
5.693038612148406058e-04
5.684934872166060287e-04
5.676847831724697417e-04
5.668777447184700788e-04
5.660723675037165155e-04
5.652686471905966426e-04
5.644665794545639884e-04
5.636661599841178523e-04
5.628673844808415767e-04
5.620702486592013200e-04
5.612747482467454405e-04
5.604808789838119790e-04
5.596886366236857599e-04
5.588980169324211239e-04
5.581090156888397595e-04
5.573216286845858892e-04
5.565358517239183192e-04
5.557516806238153905e-04
5.549691112138604868e-04
5.541881393362117856e-04
5.534087608455373142e-04
5.526309716090557159e-04
5.518547675064058204e-04
5.510801444296913130e-04
5.503070982833986602e-04
5.495356249842843531e-04
5.487657204614823517e-04
5.479973806563230229e-04
5.472306015224486083e-04
5.464653790256115626e-04
5.457017091437697462e-04
5.449395878669375647e-04
5.441790111971681878e-04
5.434199751486674989e-04
5.426624757475460295e-04
5.419065090318229711e-04
5.411520710515575804e-04
5.403991578685994873e-04
5.396477655566333641e-04
5.388978902011917196e-04
5.381495278995432254e-04
5.374026747606620337e-04
5.366573269052652903e-04
5.359134804656463845e-04
5.351711315858136185e-04
5.344302764212366125e-04
5.336909111389889857e-04
5.329530319176463329e-04
5.322166349472214975e-04
5.314817164291886411e-04
5.307482725763533558e-04
5.300162996129569645e-04
5.292857937744829908e-04
5.285567513077440039e-04
5.278291684707917377e-04
5.271030415328451001e-04
5.263783667743512137e-04
5.256551404868740679e-04
5.249333589730457300e-04
5.242130185466029914e-04
5.234941155323278444e-04
5.227766462658989472e-04
5.220606070941043435e-04
5.213459943745102397e-04
5.206328044756588710e-04
5.199210337768678161e-04
5.192106786684111668e-04
5.185017355511835346e-04
5.177942008368931464e-04
5.170880709480247649e-04
5.163833423176527725e-04
5.156800113894896348e-04
5.149780746179508442e-04
5.142775284679462116e-04
5.135783694149308231e-04
5.128805939448760924e-04
5.121841985542846141e-04
5.114891797500246062e-04
5.107955340493540875e-04
5.101032579799877733e-04
5.094123480799374803e-04
5.087228008974395942e-04
5.080346129911272402e-04
5.073477809298495471e-04
5.066623012925308093e-04
5.059781706684710273e-04
5.052953856569206842e-04
5.046139428673692513e-04
5.039338389193040620e-04
5.032550704422624616e-04
5.025776340758281212e-04
5.019015264695191481e-04
5.012267442828232137e-04
5.005532841850727620e-04
4.998811428556178315e-04
4.992103169835385244e-04
4.985408032677291412e-04
4.978725984169028425e-04
4.972056991495598819e-04
4.965401021938554418e-04
4.958758042876583970e-04
4.952128021784805165e-04
4.945510926234737530e-04
4.938906723893986923e-04
4.932315382525597185e-04
4.925736869987606698e-04
4.919171154233308594e-04
4.912618203311448078e-04
4.906077985364095230e-04
4.899550468627482001e-04
4.893035621432307962e-04
4.886533412202429504e-04
4.880043809454280871e-04
4.873566781798547090e-04
4.867102297936877204e-04
4.860650326664493954e-04
4.854210836867837802e-04
4.847783797524733360e-04
4.841369177705533221e-04
4.834966946570615079e-04
4.828577073371928888e-04
4.822199527450887540e-04
4.815834278240098344e-04
4.809481295261648355e-04
4.803140548127184605e-04
4.796812006537389352e-04
4.790495640283003566e-04
4.784191419242377714e-04
4.777899313382647580e-04
4.771619292759285403e-04
4.765351327515857018e-04
4.759095387882694792e-04
4.752851444178403579e-04
4.746619466807621844e-04
4.740399426262968891e-04
4.734191293122197203e-04
4.727995038050016616e-04
4.721810631797012823e-04
4.715638045199012037e-04
4.709477249177721750e-04
4.703328214739237786e-04
4.697190912974851494e-04
4.691065315060242557e-04
4.684951392255949534e-04
4.678849115905134781e-04
4.672758457435555526e-04
4.666679388358829870e-04
4.660611880268878239e-04
4.654555904842149990e-04
4.648511433839171646e-04
4.642478439101495411e-04
4.636456892553420884e-04
4.630446766200727623e-04
4.624448032130702257e-04
4.618460662512137395e-04
4.612484629594986309e-04
4.606519905709480938e-04
4.600566463266523285e-04
4.594624274757493510e-04
4.588693312753507254e-04
4.582773549905405338e-04
4.576864958943192689e-04
4.570967512677024964e-04
4.565081183994679648e-04
4.559205945863279937e-04
4.553341771328837202e-04
4.547488633514925010e-04
4.541646505622673707e-04
4.535815360932089887e-04
4.529995172799256985e-04
4.524185914658383333e-04
4.518387560020018651e-04
4.512600082471667699e-04
4.506823455677010201e-04
4.501057653376452699e-04
4.495302649385441536e-04
4.489558417595764439e-04
4.483824931974613771e-04
4.478102166563880174e-04
4.472390095480805795e-04
4.466688692917480138e-04
4.460997933140032875e-04
4.455317790488609988e-04
4.449648239378153859e-04
4.443989254296925500e-04
4.438340809806386373e-04
4.432702880541584912e-04
4.427075441210406794e-04
4.421458466594179923e-04
4.415851931545461580e-04
4.410255810990247475e-04
4.404670079926517297e-04
4.399094713423582566e-04
4.393529686622540910e-04
4.387974974736088499e-04
4.382430553048359046e-04
4.376896396913565837e-04
4.371372481757143940e-04
4.365858783074901277e-04
4.360355276433544461e-04
4.354861937468063157e-04
4.349378741885010337e-04
4.343905665459822131e-04
4.338442684037487865e-04
4.332989773530951947e-04
4.327546909923977243e-04
4.322114069268048059e-04
4.316691227682367422e-04
4.311278361355213424e-04
4.305875446543315803e-04
4.300482459570026893e-04
4.295099376827186456e-04
4.289726174773252510e-04
4.284362829934796994e-04
4.279009318904296159e-04
4.273665618341584483e-04
4.268331704972414312e-04
4.263007555589585595e-04
4.257693147051454024e-04
4.252388456282394529e-04
4.247093460271851519e-04
4.241808136075607936e-04
4.236532460813902004e-04
4.231266411672651283e-04
4.226009965902069779e-04
4.220763100817287558e-04
4.215525793797172223e-04
4.210298022286060923e-04
4.205079763790511545e-04
4.199870995882406784e-04
4.194671696196529864e-04
4.189481842430421970e-04
4.184301412346266586e-04
4.179130383767775672e-04
4.173968734582022503e-04
4.168816442738605753e-04
4.163673486249679849e-04
4.158539843188484254e-04
4.153415491692245875e-04
4.148300409957430255e-04
4.143194576244055619e-04
4.138097968872955800e-04
4.133010566225340599e-04
4.127932346744115797e-04
4.122863288932813054e-04
4.117803371355382817e-04
4.112752572636548323e-04
4.107710871460956660e-04
4.102678246573195574e-04
4.097654676777476345e-04
4.092640140938200817e-04
4.087634617978399610e-04
4.082638086881150799e-04
4.077650526687380062e-04
4.072671916498998910e-04
4.067702235473992164e-04
4.062741462830402397e-04
4.057789577844632075e-04
4.052846559850330080e-04
4.047912388239928569e-04
4.042987042462571601e-04
4.038070502025616223e-04
4.033162746494315873e-04
4.028263755489973450e-04
4.023373508691378960e-04
4.018491985834420294e-04
4.013619166711067322e-04
4.008755031170147106e-04
4.003899559116582242e-04
3.999052730511825087e-04
3.994214525372744278e-04
3.989384923771714729e-04
3.984563905837573347e-04
3.979751451753562306e-04
3.974947541758821990e-04
3.970152156147526345e-04
3.965365275267909262e-04
3.960586879523454490e-04
3.955816949372820829e-04
3.951055465327939350e-04
3.946302407954806494e-04
3.941557757874888110e-04
3.936821495761926482e-04
3.932093602343884843e-04
3.927374058401875644e-04
3.922662844771145551e-04
3.917959942339641045e-04
3.913265332048361869e-04
3.908578994890174376e-04
3.903900911912289466e-04
3.899231064212561122e-04
3.894569432942865872e-04
3.889915999306287108e-04
3.885270744557664784e-04
3.880633650004449765e-04
3.876004697004756055e-04
3.871383866969400726e-04
3.866771141358991211e-04
3.862166501687179531e-04
3.857569929516760799e-04
3.852981406462288854e-04
3.848400914189547715e-04
3.843828434413461780e-04
3.839263948900648038e-04
3.834707439466353740e-04
3.830158887977909584e-04
3.825618276350691602e-04
3.821085586550603983e-04
3.816560800593443736e-04
3.812043900543910261e-04
3.807534868515869905e-04
3.803033686672577674e-04
3.798540337226289092e-04
3.794054802437509390e-04
3.789577064616440915e-04
3.785107106120323044e-04
3.780644909356415903e-04
3.776190456778680542e-04
3.771743730889776580e-04
3.767304714240228992e-04
3.762873389428197718e-04
3.758449739099547051e-04
3.754033745946945750e-04
3.749625392711818063e-04
3.745224662180867770e-04
3.740831537189267370e-04
3.736446000618096649e-04
3.732068035395277265e-04
3.727697624496164176e-04
3.723334750941265027e-04
3.718979397797759112e-04
3.714631548179719096e-04
3.710291185245783775e-04
3.705958292201589938e-04
3.701632852297717809e-04
3.697314848830822952e-04
3.693004265143151089e-04
3.688701084620434750e-04
3.684405290695854404e-04
3.680116866845997096e-04
3.675835796593511658e-04
3.671562063504291411e-04
3.667295651189474517e-04
3.663036543305176721e-04
3.658784723550914382e-04
3.654540175670922320e-04
3.650302883452860364e-04
3.646072830728455737e-04
3.641850001373825069e-04
3.637634379307795509e-04
3.633425948492521092e-04
3.629224692934391846e-04
3.625030596682651427e-04
3.620843643828994892e-04
3.616663818508426289e-04
3.612491104898824445e-04
3.608325487220815568e-04
3.604166949736963888e-04
3.600015476753258103e-04
3.595871052616317386e-04
3.591733661717136220e-04
3.587603288485968051e-04
3.583479917397363571e-04
3.579363532966002505e-04
3.575254119749086989e-04
3.571151662344775979e-04
3.567056145392900283e-04
3.562967553574033401e-04
3.558885871610841358e-04
3.554811084265146678e-04
3.550743176341236837e-04
3.546682132683550565e-04
3.542627938177341927e-04
3.538580577747646536e-04
3.534540036360242152e-04
3.530506299022268305e-04
3.526479350778182224e-04
3.522459176714323324e-04
3.518445761957515673e-04
3.514439091672955963e-04
3.510439151064787596e-04
3.506445925379295288e-04
3.502459399899109462e-04
3.498479559948066190e-04
3.494506390888039147e-04
3.490539878120780593e-04
3.486580007085725318e-04
3.482626763262485934e-04
3.478680132168298494e-04
3.474740099358809083e-04
3.470806650428515084e-04
3.466879771010198687e-04
3.462959446774668847e-04
3.459045663430499991e-04
3.455138406724770901e-04
3.451237662441766925e-04
3.447343416403353487e-04
3.443455654470028299e-04
3.439574362538229835e-04
3.435699526543052715e-04
3.431831132456557428e-04
3.427969166286734385e-04
3.424113614079850668e-04
3.420264461919068216e-04
3.416421695923372638e-04
3.412585302248877499e-04
3.408755267088757110e-04
3.404931576672153102e-04
3.401114217264422169e-04
3.397303175166698592e-04
3.393498436717491814e-04
3.389699988290520742e-04
3.385907816294929503e-04
3.382121907176507177e-04
3.378342247416176954e-04
3.374568823530862418e-04
3.370801622072294376e-04
3.367040629627850580e-04
3.363285832820372490e-04
3.359537218307623177e-04
3.355794772782422306e-04
3.352058482972078012e-04
3.348328335639191920e-04
3.344604317581427130e-04
3.340886415629873776e-04
3.337174616650857482e-04
3.333468907545688361e-04
3.329769275248284995e-04
3.326075706728715974e-04
3.322388188989077763e-04
3.318706709067011855e-04
3.315031254033649118e-04
3.311361810993280748e-04
3.307698367084425657e-04
3.304040909479124123e-04
3.300389425382248233e-04
3.296743902033573252e-04
3.293104326703919491e-04
3.289470686699304800e-04
3.285842969357064751e-04
3.282221162049655475e-04
3.278605252179326440e-04
3.274995227183677524e-04
3.271391074532413999e-04
3.267792781727272265e-04
3.264200336302269757e-04
3.260613725823954313e-04
3.257032937892001025e-04
3.253457960136980952e-04
3.249888780222694867e-04
3.246325385843923535e-04
3.242767764727690809e-04
3.239215904633122142e-04
3.235669793350563132e-04
3.232129418702119452e-04
3.228594768541486089e-04
3.225065830753392777e-04
3.221542593254490871e-04
3.218025043992068569e-04
3.214513170944553440e-04
3.211006962121658792e-04
3.207506405564504556e-04
3.204011489343597426e-04
3.200522201562154469e-04
3.197038530351933839e-04
3.193560463876175121e-04
3.190087990329693664e-04
3.186621097935753199e-04
3.183159774949710381e-04
3.179704009655136602e-04
3.176253790367830078e-04
3.172809105431559275e-04
3.169369943222051142e-04
3.165936292143085818e-04
3.162508140629032038e-04
3.159085477144150532e-04
3.155668290181898512e-04
3.152256568264561582e-04
3.148850299945430277e-04
3.145449473805534443e-04
3.142054078456164011e-04
3.138664102537035605e-04
3.135279534717345311e-04
3.131900363695012436e-04
3.128526578197004778e-04
3.125158166979276277e-04
3.121795118825265399e-04
3.118437422548720026e-04
3.115085066991477004e-04
3.111738041022262479e-04
3.108396333540623755e-04
3.105059933471721869e-04
3.101728829772097381e-04
3.098403011422961868e-04
3.095082467436303074e-04
3.091767186850760598e-04
3.088457158732579454e-04
3.085152372176939843e-04
3.081852816304888319e-04
3.078558480267239291e-04
3.075269353240726107e-04
3.071985424430426952e-04
3.068706683068128790e-04
3.065433118413248936e-04
3.062164719753029669e-04
3.058901476400129678e-04
3.055643377695770415e-04
3.052390413008403071e-04
3.049142571731680573e-04
3.045899843287177308e-04
3.042662217123082114e-04
3.039429682714327305e-04
3.036202229562732320e-04
3.032979847195290150e-04
3.029762525166499994e-04
3.026550253057400152e-04
3.023343020474541284e-04
3.020140817050485688e-04
3.016943632445387522e-04
3.013751456343366150e-04
3.010564278455960950e-04
3.007382088520707758e-04
3.004204876299368908e-04
3.001032631580974959e-04
2.997865344180043355e-04
2.994703003935877484e-04
2.991545600713368448e-04
2.988393124403813635e-04
2.985245564922685974e-04
2.982102912211948161e-04
2.978965156237055930e-04
2.975832286990397137e-04
2.972704294487891162e-04
2.969581168772061539e-04
2.966462899908611501e-04
2.963349477989093289e-04
2.960240893130157880e-04
2.957137135472010544e-04
2.954038195179944991e-04
2.950944062444675131e-04
2.947854727479683667e-04
2.944770180524585281e-04
2.941690411842084909e-04
2.938615411719428406e-04
2.935545170468755447e-04
2.932479678425529610e-04
2.929418925949997705e-04
2.926362903424853325e-04
2.923311601258208096e-04
2.920265009882009829e-04
2.917223119750813579e-04
2.914185921344368004e-04
2.911153405164878302e-04
2.908125561738024814e-04
2.905102381614048314e-04
2.902083855365712251e-04
2.899069973590127458e-04
2.896060726905939193e-04
2.893056105956674610e-04
2.890056101408317404e-04
2.887060703950328037e-04
2.884069904294749281e-04
2.881083693176825829e-04
2.878102061353722237e-04
2.875124999607448092e-04
2.872152498741629804e-04
2.869184549581730160e-04
2.866221142977592399e-04
2.863262269800190859e-04
2.860307920942988403e-04
2.857358087323716672e-04
2.854412759880303285e-04
2.851471929573796472e-04
2.848535587388172628e-04
2.845603724328198266e-04
2.842676331421949165e-04
2.839753399719048533e-04
2.836834920290855666e-04
2.833920884231398902e-04
2.831011282655237029e-04
2.828106106700326462e-04
2.825205347525470111e-04
2.822308996311248173e-04
2.819417044259386581e-04
2.816529482594877162e-04
2.813646302561398512e-04
2.810767495426575455e-04
2.807893052477780475e-04
2.805022965025031245e-04
2.802157224398355473e-04
2.799295821949877991e-04
2.796438749051989537e-04
2.793585997099014805e-04
2.790737557505375255e-04
2.787893421706853303e-04
2.785053581160721876e-04
2.782218027344239542e-04
2.779386751755160085e-04
2.776559745912991805e-04
2.773737001357109923e-04
2.770918509647644543e-04
2.768104262365140211e-04
2.765294251111441708e-04
2.762488467507367897e-04
2.759686903194777125e-04
2.756889549836217569e-04
2.754096399114205700e-04
2.751307442730868496e-04
2.748522672409193525e-04
2.745742079891883491e-04
2.742965656941792076e-04
2.740193395341167172e-04
2.737425286892877113e-04
2.734661323419657693e-04
2.731901496763320162e-04
2.729145798785581720e-04
2.726394221368096961e-04
2.723646756412450285e-04
2.720903395838989835e-04
2.718164131588012532e-04
2.715428955618990497e-04
2.712697859910955401e-04
2.709970836462499547e-04
2.707247877290973564e-04
2.704528974433667641e-04
2.701814119945798167e-04
2.699103305904106739e-04
2.696396524400790254e-04
2.693693767550341144e-04
2.690995027484265685e-04
2.688300296354281848e-04
2.685609566329451043e-04
2.682922829598984038e-04
2.680240078370153866e-04
2.677561304869075366e-04
2.674886501340234101e-04
2.672215660047263727e-04
2.669548773272460273e-04
2.666885833314706976e-04
2.664226832494278924e-04
2.661571763147487098e-04
2.658920617629872431e-04
2.656273388314891212e-04
2.653630067595083857e-04
2.650990647879928187e-04
2.648355121598224135e-04
2.645723481195130615e-04
2.643095719136579857e-04
2.640471827903452529e-04
2.637851799995974715e-04
2.635235627933224609e-04
2.632623304249721071e-04
2.630014821499855843e-04
2.627410172254885431e-04
2.624809349103644513e-04
2.622212344652849513e-04
2.619619151526130407e-04
2.617029762365578969e-04
2.614444169830362069e-04
2.611862366596606755e-04
2.609284345359312780e-04
2.606710098828516156e-04
2.604139619733260584e-04
2.601572900819398696e-04
2.599009934849442973e-04
2.596450714603647236e-04
2.593895232879457505e-04
2.591343482490499344e-04
2.588795456268101714e-04
2.586251147060701747e-04
2.583710547732858114e-04
2.581173651166735849e-04
2.578640450260686581e-04
2.576110937930750156e-04
2.573585107107952802e-04
2.571062950741484390e-04
2.568544461796823841e-04
2.566029633255990667e-04
2.563518458116910708e-04
2.561010929395334088e-04
2.558507040121695908e-04
2.556006783345112074e-04
2.553510152128140426e-04
2.551017139551603279e-04
2.548527738713142715e-04
2.546041942724031407e-04
2.543559744714451055e-04
2.541081137828640041e-04
2.538606115228871909e-04
2.536134670090611689e-04
2.533666795608596647e-04
2.531202484991990445e-04
2.528741731464539261e-04
2.526284528268170262e-04
2.523830868658926384e-04
2.521380745909695812e-04
2.518934153308701688e-04
2.516491084159239188e-04
2.514051531781145163e-04
2.511615489509244474e-04
2.509182950694397872e-04
2.506753908702792394e-04
2.504328356915702289e-04
2.501906288730481069e-04
2.499487697558607771e-04
2.497072576829246940e-04
2.494660919983852010e-04
2.492252720481882302e-04
2.489847971796232571e-04
2.487446667415108676e-04
2.485048800843443545e-04
2.482654365599188122e-04
2.480263355216459891e-04
2.477875763243945844e-04
2.475491583245917294e-04
2.473110808800626343e-04
2.470733433501738651e-04
2.468359450958453245e-04
2.465988854793476682e-04
2.463621638645309636e-04
2.461257796165762990e-04
2.458897321023545998e-04
2.456540206899618861e-04
2.454186447490775465e-04
2.451836036509308370e-04
2.449488967680108560e-04
2.447145234743348854e-04
2.444804831454171104e-04
2.442467751581481111e-04
2.440133988908916543e-04
2.437803537233213587e-04
2.435476390367764755e-04
2.433152542138385620e-04
2.430831986385559925e-04
2.428514716963676035e-04
2.426200727741532177e-04
2.423890012602866609e-04
2.421582565443393691e-04
2.419278380175227420e-04
2.416977450722617002e-04
2.414679771024183280e-04
2.412385335033453255e-04
2.410094136716723387e-04
2.407806170054889461e-04
2.405521429041328869e-04
2.403239907684140029e-04
2.400961600005786496e-04
2.398686500041825734e-04
2.396414601840541844e-04
2.394145899464301898e-04
2.391880386990946703e-04
2.389618058508118797e-04
2.387358908120785995e-04
2.385102929944260487e-04
2.382850118109952967e-04
2.380600466760589404e-04
2.378353970053758012e-04
2.376110622158437091e-04
2.373870417258993834e-04
2.371633349551693199e-04
2.369399413246943832e-04
2.367168602567549249e-04
2.364940911749636727e-04
2.362716335042671127e-04
2.360494866708602710e-04
2.358276501023662849e-04
2.356061232275725623e-04
2.353849054765651684e-04
2.351639962809087760e-04
2.349433950732044470e-04
2.347231012874895131e-04
2.345031143591075253e-04
2.342834337245285482e-04
2.340640588216643910e-04
2.338449890895998614e-04
2.336262239687275860e-04
2.334077629007040729e-04
2.331896053283593706e-04
2.329717506960112157e-04
2.327541984489710702e-04
2.325369480339028842e-04
2.323199988987766920e-04
2.321033504927785959e-04
2.318870022663099264e-04
2.316709536709850466e-04
2.314552041597205275e-04
2.312397531865978612e-04
2.310246002069976851e-04
2.308097446774613022e-04
2.305951860558249592e-04
2.303809238010814486e-04
2.301669573733770456e-04
2.299532862343263602e-04
2.297399098463752333e-04
2.295268276735223001e-04
2.293140391808168419e-04
2.291015438344468232e-04
2.288893411019612078e-04
2.286774304518584763e-04
2.284658113541264510e-04
2.282544832797392528e-04
2.280434457008804030e-04
2.278326980909369686e-04
2.276222399245419548e-04
2.274120706773861684e-04
2.272021898263960275e-04
2.269925968496366603e-04
2.267832912263522652e-04
2.265742724369610415e-04
2.263655399630944110e-04
2.261570932873632094e-04
2.259489318936706685e-04
2.257410552671622447e-04
2.255334628938508376e-04
2.253261542611612218e-04
2.251191288575565125e-04
2.249123861725765188e-04
2.247059256969229351e-04
2.244997469225894725e-04
2.242938493424415677e-04
2.240882324507133814e-04
2.238828957425415911e-04
2.236778387143700700e-04
2.234730608635741020e-04
2.232685616888676629e-04
2.230643406899248434e-04
2.228603973674643903e-04
2.226567312235171246e-04
2.224533417610952059e-04
2.222502284842736914e-04
2.220473908983218599e-04
2.218448285095072422e-04
2.216425408252254271e-04
2.214405273540377380e-04
2.212387876054745849e-04
2.210373210901652981e-04
2.208361273199204193e-04
2.206352058074903847e-04
2.204345560668318871e-04
2.202341776129129627e-04
2.200340699617015807e-04
2.198342326303406597e-04
2.196346651369048822e-04
2.194353670007610823e-04
2.192363377420454714e-04
2.190375768822575367e-04
2.188390839436416663e-04
2.186408584496425959e-04
2.184428999247998342e-04
2.182452078945957934e-04
2.180477818856292886e-04
2.178506214255115361e-04
2.176537260428041906e-04
2.174570952673375861e-04
2.172607286296323952e-04
2.170646256615452988e-04
2.168687858957860819e-04
2.166732088661379714e-04
2.164778941073992782e-04
2.162828411554618938e-04
2.160880495469693328e-04
2.158935188200084270e-04
2.156992485132011431e-04
2.155052381665372233e-04
2.153114873208903052e-04
2.151179955180491205e-04
2.149247623009392682e-04
2.147317872133732244e-04
2.145390698002701106e-04
2.143466096074061100e-04
2.141544061816341000e-04
2.139624590707749877e-04
2.137707678236494503e-04
2.135793319900137230e-04
2.133881511206886733e-04
2.131972247673511736e-04
2.130065524826627954e-04
2.128161338204428760e-04
2.126259683352719164e-04
2.124360555828086299e-04
2.122463951195340697e-04
