2.204223003560931878e-03
6.399853907897635162e-03
1.658723497816616543e-02
3.827595820396317156e-02
7.854822970265253057e-02
1.433235087547201358e-01
2.326364487837858375e-01
3.362933067558972478e-01
4.338141103970570289e-01
5.009532588972798184e-01
5.202835185126050144e-01
4.892483120973302180e-01
4.202227839454195646e-01
3.331034193635469820e-01
2.461906248026918265e-01
1.709514301888760412e-01
1.118739931851112507e-01
6.894449563161642036e-02
4.002115280795798258e-02
2.218522129486037719e-02
1.250545625454137916e-02
8.781261418584958636e-03
1.048052025589823327e-02
1.989475328980690530e-02
4.333372013924656485e-02
9.157265667948835675e-02
1.779385060704444799e-01
3.124692563095344267e-01
4.927611242158039251e-01
6.960754153646724340e-01
8.798242289829717455e-01
9.946111611327638213e-01
1.005450505434829056e+00
9.089561336765251687e-01
7.350769464653640339e-01
5.321766412608840424e-01
3.455105116852137948e-01
2.019880531299455273e-01
1.074110458060366369e-01
5.330566099154820242e-02
2.625859633030418194e-02
1.443099691907602684e-02
9.948846223465510757e-03
8.543430179232902252e-03
8.264452372335525515e-03
8.347573490675892771e-03
8.533076482043249616e-03
8.743896565517968525e-03
8.959958718050945597e-03
9.176666844138710311e-03
9.393157394935262514e-03
9.609474783447136820e-03
9.826053924718133187e-03
1.004368700572998499e-02
1.026345198483841724e-02
1.048637974643696659e-02
1.071280453256073448e-02
1.094162251022992756e-02
1.117000435380837049e-02
1.139423323598521068e-02
1.161215002109171855e-02
1.182743474536507300e-02
1.205605357236172286e-02
1.233545664805874020e-02
1.273612608848341890e-02
1.337110785440947906e-02
1.439283638306489144e-02
1.596334463762540123e-02
1.819226673578422035e-02
2.105969251270366563e-02
2.436559291241919417e-02
2.774957724229090011e-02
3.078906212928000236e-02
3.312894013837419660e-02
3.456816900501265277e-02
3.506092510771230408e-02
3.466069290923931567e-02
3.348203989291122923e-02
3.173317279671787616e-02
2.980253229790690364e-02
2.832552380324724478e-02
2.815305631372995443e-02
3.018236602312873024e-02
3.506381634908571632e-02
4.285524747792902878e-02
5.275748745237501119e-02
6.309913379003746770e-02
7.168396275792335293e-02
7.644745131410615735e-02
7.616971877910545807e-02
7.090802772718773905e-02
6.193204229512953157e-02
5.120635210720843322e-02
4.069298166924564808e-02
3.179741553968509771e-02
2.514865180581007248e-02
2.070234511657515278e-02
1.801776534154593198e-02
1.653985834985362974e-02
1.578480596645784328e-02
1.541199994276394418e-02
1.521762940596329931e-02
1.509561607984461970e-02
1.499737879229907749e-02
1.490326262759579697e-02
1.480629622806889541e-02
1.470440973765661102e-02
1.459721510461689173e-02
1.448484037648892567e-02
1.436756112860289314e-02
1.424571796393308415e-02
1.411979102324942281e-02
1.399077874309496462e-02
1.386150129026712460e-02
1.374054946184184549e-02
1.365290078127410003e-02
1.366503269350619575e-02
1.393642349039920895e-02
1.480870922805662196e-02
1.692882530995269003e-02
2.136347259716515901e-02
2.960347348758704533e-02
4.331418595125040988e-02
6.372962739535287247e-02
9.076696643553334998e-02
1.222134220029064966e-01
1.535301991531053123e-01
1.786983481421028919e-01
1.920301717648449924e-01
1.902355867362860997e-01
1.737234262339811819e-01
1.464367868406032946e-01
1.143134430761818393e-01
8.319169274589173491e-02
5.716454610713702505e-02
3.797042491686619670e-02
2.536594318894023689e-02
1.799479043659116262e-02
1.422718113534866824e-02
1.267672813318181969e-02
1.237254005971389313e-02
1.271994199583280534e-02
1.340436119452522584e-02
1.433749156808377181e-02
1.567338653929365583e-02
1.786480280738506066e-02
2.169256394396360671e-02
2.818359779441101387e-02
3.834716441452018509e-02
5.272285156729310251e-02
7.085250133069105616e-02
9.091715401959449272e-02
1.098221120110906140e-01
1.238775623896609807e-01
1.299229482651452494e-01
1.264427545973158817e-01
1.141402540428865797e-01
9.567444703690385077e-02
7.469508302421877521e-02
5.465423830528455540e-02
3.791898446067520911e-02
2.546790286100131945e-02
1.712082841182290330e-02
1.203682016023630355e-02
9.199711916307863960e-03
7.730646071061265251e-03
7.007008648365809292e-03
6.649865639308072222e-03
6.456492407750309519e-03
6.330304370202418339e-03
6.229980174460635588e-03
6.139550604087556582e-03
6.053411206681749701e-03
5.969761889681607543e-03
5.888062554753915011e-03
5.808150907806407942e-03
5.729967348676368900e-03
5.653477491002247175e-03
5.578652417017040607e-03
5.505464140200626993e-03
5.433884691263430114e-03
5.363885985310869881e-03
5.295439839855736915e-03
5.228518017025193462e-03
5.163092266946059210e-03
5.099134368614744589e-03
5.036616167827592805e-03
4.975509612246501248e-03
4.915786783740523115e-03
4.857419928147548374e-03
4.800381482595800393e-03
4.744644100519565012e-03
4.690180674498077573e-03
4.636964357041206859e-03
4.584968579440454849e-03
4.534167068798345031e-03
4.484533863344549245e-03
4.436043326142023735e-03
4.388670157281766501e-03
4.342389404659962107e-03
4.297176473427085502e-03
4.253007134193851832e-03
4.209857530075021212e-03
4.167704182647685544e-03
4.126523996897006781e-03
4.086294265218427813e-03
4.046992670541895570e-03
4.008597288640089289e-03
3.971086589679203444e-03
3.934439439067940504e-03
3.898635097656928238e-03
3.863653221338200251e-03
3.829473860091310144e-03
3.796077456520151674e-03
3.763444843921944817e-03
3.731557243927456288e-03
3.700396263749126599e-03
3.669943893071731314e-03
3.640182500617933446e-03
3.611094830419249013e-03
3.582663997820999691e-03
3.554873485247934776e-03
3.527707137755805612e-03
3.501149158392100925e-03
3.475184103388164435e-03
3.449796877202955005e-03
3.424972727437757252e-03
3.400697239639613977e-03
3.376956332010087793e-03
3.353736250034868634e-03
3.331023561048548996e-03
3.308805148747991087e-03
3.287068207666591149e-03
3.265800237620933473e-03
3.244989038140485768e-03
3.224622702890056394e-03
3.204689614094096469e-03
3.185178436971164428e-03
3.166078114186145469e-03
3.147377860327331325e-03
3.129067156414642656e-03
3.111135744444971929e-03
3.093573621979929435e-03
3.076371036780808921e-03
3.059518481495239299e-03
3.043006688399356192e-03
3.026826624199207769e-03
3.010969484894412008e-03
2.995426690707012670e-03
2.980189881077978647e-03
2.965250909733535903e-03
2.950601839823322175e-03
2.936234939131910065e-03
2.922142675365161334e-03
2.908317711512582900e-03
2.894752901286655553e-03
2.881441284639858335e-03
2.868376083360023483e-03
2.855550696744416604e-03
2.842958697352815280e-03
2.830593826839680228e-03
2.818449991865429414e-03
2.806521260086681981e-03
2.794801856225201820e-03
2.783286158215238920e-03
2.771968693428753308e-03
2.760844134978096120e-03
2.749907298095445683e-03
2.739153136588389284e-03
2.728576739370914672e-03
2.718173327068957798e-03
2.707938248699765221e-03
2.697866978424056771e-03
2.687955112370175349e-03
2.678198365529185603e-03
2.668592568719943114e-03
2.659133665623103233e-03
2.649817709883060812e-03
2.640640862276694145e-03
2.631599387947841911e-03
2.622689653706472730e-03
2.613908125391355575e-03
2.605251365295171984e-03
2.596716029650902174e-03
2.588298866178418214e-03
2.579996711690097679e-03
2.571806489754371004e-03
2.563725208416022493e-03
2.555749957972233612e-03
2.547877908803090549e-03
2.540106309255616215e-03
2.532432483580097666e-03
2.524853829917681532e-03
2.517367818338118145e-03
2.509971988926618276e-03
2.502663949918743514e-03
2.495441375882252125e-03
2.488302005944933309e-03
2.481243642067310941e-03
2.474264147359336863e-03
2.467361444439935755e-03
2.460533513838539851e-03
2.453778392437560955e-03
2.447094171954964075e-03
2.440478997465823311e-03
2.433931065962179150e-03
2.427448624950088660e-03
2.421029971083090565e-03
2.414673448831206569e-03
2.408377449184598111e-03
2.402140408391051103e-03
2.395960806726521886e-03
2.389837167298044900e-03
2.383768054879262677e-03
2.377752074783643157e-03
2.371787871807542591e-03
2.365874129415328295e-03
2.360009570024119204e-03
2.354192960396068405e-03
2.348423139755038361e-03
2.342699143427073773e-03
2.337020704572625486e-03
2.331390163086074618e-03
2.325819293422136218e-03
2.320352262761513854e-03
2.315138138886598407e-03
2.310645730016521685e-03
2.308259911286612582e-03
2.311829348760207833e-03
2.331413914629465543e-03
2.391723639171013539e-03
2.549722708414548736e-03
2.928456223409219798e-03
3.776431934534740624e-03
5.561620377939413030e-03
9.102598714886958597e-03
1.572232765347687106e-02
2.738067864876710805e-02
4.670524331301721677e-02
7.681224330496619346e-02
1.208166183728422993e-01
1.809985197652535793e-01
2.577289657333313722e-01
3.484278541565807297e-01
4.469576104064451050e-01
5.438529220783119289e-01
6.275935103552384708e-01
6.867721443385187419e-01
7.126246276988187356e-01
7.011550307957862271e-01
6.541471933404029437e-01
5.787101350685524004e-01
4.855167846610223270e-01
3.863365550447708241e-01
2.916445751161403921e-01
2.089597385714404565e-01
1.422158535730440876e-01
9.208328998133180621e-02
5.689275431299068569e-02
3.373864793011136648e-02
1.942817105681832884e-02
1.110792948522018077e-02
6.555489372620615200e-03
4.218993364693824494e-03
3.116723211533707714e-03
2.691210165975849687e-03
2.676751448541071256e-03
3.005164571994628584e-03
3.750975019813942296e-03
5.104091288592737218e-03
7.352077658474223329e-03
1.085273284303988478e-02
1.598044122804640269e-02
2.303791809924946032e-02
3.213921885721834210e-02
4.308798307896929969e-02
5.529056513876926676e-02
6.774820307510349970e-02
7.915871859040531089e-02
8.812637865769280821e-02
9.343810095726697018e-02
9.433195212115909334e-02
9.067622117546139671e-02
8.300108832001254489e-02
7.237240070262783431e-02
6.014895300338436029e-02
4.769937714949665925e-02
3.615927482093226480e-02
2.628496797394678369e-02
1.842080789814060093e-02
1.256009180390837802e-02
8.458305026462248355e-03
5.755231731072677631e-03
4.074527531621040255e-03
3.086776071737345507e-03
2.537047070664362990e-03
2.246555094440405489e-03
2.100122801451520006e-03
2.029019556795656851e-03
1.995042829795734985e-03
1.978336775391804393e-03
1.969223403873125028e-03
1.963269385874561596e-03
1.958562822056482845e-03
1.954326410487131419e-03
1.950261879092995889e-03
1.946261080367062742e-03
1.942286911830127779e-03
1.938327297449846760e-03
1.934378481112954216e-03
1.930439320062587918e-03
1.926509448536950064e-03
1.922588720433213117e-03
1.918677049605311104e-03
1.914774366598198359e-03
1.910880607530608503e-03
1.906995711355366193e-03
1.903119619182610557e-03
1.899252274084075459e-03
1.895393621004561133e-03
1.891543606697071141e-03
1.887702179663964478e-03
1.883869290100544103e-03
1.880044889840405990e-03
1.876228932302377844e-03
1.872421372438987184e-03
1.868622166686370991e-03
1.864831272915650753e-03
1.861048650385698335e-03
1.857274259697277259e-03
1.853508062748466384e-03
1.849750022691406745e-03
1.846000103890275707e-03
1.842258271880486053e-03
1.838524493329074441e-03
1.834798735996231306e-03
1.831080968697939041e-03
1.827371161269728417e-03
1.823669284531478441e-03
1.819975310253197200e-03
1.816289211121907728e-03
1.812610960709433753e-03
1.808940533441100304e-03
1.805277904565469067e-03
1.801623050124852212e-03
1.797975946926764265e-03
1.794336572516205992e-03
1.790704905148759064e-03
1.787080923764493420e-03
1.783464607962638145e-03
1.779855937977068087e-03
1.776254894652402622e-03
1.772661459420954216e-03
1.769075614280317312e-03
1.765497341771593651e-03
1.761926624958359182e-03
1.758363447406186735e-03
1.754807793162861500e-03
1.751259646739149016e-03
1.747718993090189828e-03
1.744185817597432775e-03
1.740660106051184104e-03
1.737141844633680043e-03
1.733631019902998104e-03
1.730127618778321474e-03
1.726631628529607006e-03
1.723143036782110024e-03
1.719661831574551556e-03
1.716188001603883911e-03
1.712721537095657828e-03
1.709262432682515489e-03
1.705810696448412057e-03
1.702366377066464936e-03
1.698929641645652256e-03
1.695500989192073047e-03
1.692081809829497309e-03
1.688675783441416934e-03
1.685292216095661457e-03
1.681953622432555721e-03
1.678712118822951434e-03
1.675683080655619196e-03
1.673110616938019773e-03
1.671487897081797881e-03
1.671765227105136533e-03
1.675686742123867149e-03
1.686296009413744412e-03
1.708631405014683202e-03
1.750581653470108939e-03
1.823781525825876344e-03
1.944300585623801123e-03
2.132739581975782919e-03
2.413253664519286138e-03
2.811046004059212372e-03
3.348095661431398952e-03
4.037333449316550700e-03
4.876105173441782140e-03
5.840396771011680151e-03
6.881685220654741239e-03
7.928161701158072117e-03
8.891306605950881348e-03
9.677467011484718051e-03
1.020254653224924972e-02
1.040668998270986682e-02
1.026543367945125310e-02
9.794452166533780188e-03
9.046628760207554160e-03
8.102206915936693496e-03
7.054560601416303561e-03
5.995071628797641813e-03
5.000466351620888941e-03
4.124896887738952085e-03
3.397514141820105055e-03
2.824823979955220013e-03
2.396167378075657415e-03
2.090385591996944681e-03
1.882029618801118326e-03
1.746098081821890807e-03
1.660961907442339014e-03
1.609657383175455573e-03
1.580019241779121028e-03
1.564202735392798303e-03
1.558084820733091460e-03
1.560923658406795098e-03
1.575551165309501452e-03
1.609294949817659031e-03
1.675756077412432401e-03
1.797463953369668162e-03
2.009235951329998993e-03
2.361747881207329740e-03
2.924376302449112862e-03
3.785884484054547958e-03
5.051163947889195094e-03
6.832265552150995624e-03
9.232621472569365467e-03
1.232482378632939607e-02
1.612448025851685382e-02
2.056504735191387601e-02
2.548034457366374350e-02
3.060175728213086060e-02
3.557525192002542608e-02
3.999921351156242311e-02
4.347860198311979257e-02
4.568561557178005272e-02
4.641382992470860502e-02
4.561308023547387680e-02
4.339648198671378077e-02
4.001787160209560601e-02
3.582544899999597077e-02
3.120310135197973053e-02
2.651302441374617236e-02
2.205139750153887329e-02
1.802398424504533803e-02
1.454252051552985467e-02
1.163762486674858182e-02
9.281102309559601318e-03
7.410268105551631040e-03
5.948715118610708313e-03
4.820688891858857655e-03
3.958820315126010403e-03
3.306678930182038994e-03
2.818247421086050863e-03
2.456194556037448809e-03
2.190154965712192651e-03
1.995509410161713966e-03
1.852650793201814734e-03
1.746494869432162894e-03
1.665995734316875945e-03
1.603544183772938206e-03
1.554258798643397711e-03
1.515263272345065753e-03
1.485062481698171035e-03
1.463098670242131459e-03
1.449514418936973057e-03
1.445094573879273595e-03
1.451319275755136350e-03
1.470440042643042901e-03
1.505491209546853688e-03
1.560170250555353638e-03
1.638563934070249532e-03
1.744762761356278983e-03
1.882486868180754556e-03
2.054923755699468880e-03
2.265019798681457835e-03
2.516433899055172535e-03
2.815219859325889407e-03
3.172047052417650836e-03
3.604434210644726598e-03
4.138148367563726331e-03
4.806740663156817972e-03
5.648289470590876077e-03
6.698888910978761241e-03
7.983244360341730864e-03
9.503764527124191133e-03
1.123048976995348266e-02
1.309471987542726486e-02
1.498900006966908532e-02
1.677506690721728908e-02
1.829959197691160763e-02
1.941551560031926082e-02
2.000503422357384833e-02
1.999947436413312962e-02
1.939169707095774603e-02
1.823828737884882964e-02
1.665115112508726292e-02
1.478056735774231634e-02
1.279351764797736005e-02
1.085176238355518331e-02
9.093579371066062497e-03
7.621632711163258203e-03
6.497654169928823026e-03
5.743071838201566082e-03
5.343809634024860970e-03
5.257317913950067603e-03
5.420318897503734884e-03
5.756435921159353507e-03
6.183483170361977165e-03
6.620495644750408124e-03
6.994527135327611479e-03
7.246950255704300015e-03
7.338662354146880361e-03
7.253434971923368620e-03
6.998755514941709666e-03
6.603884446648153328e-03
6.115364458910968123e-03
5.590691743964096121e-03
5.091138577127599443e-03
4.674729632690327076e-03
4.390156372067659761e-03
4.272081456914926523e-03
4.337981471257654729e-03
4.586506717264714379e-03
4.997325922576043716e-03
5.532509383005664201e-03
6.139571636052379953e-03
6.756234209115736730e-03
7.316731130094933019e-03
7.759106550174838836e-03
8.032568191961381165e-03
8.103720236462701870e-03
7.960532118316293593e-03
7.613246246434625039e-03
7.092018666509106867e-03
6.441763134836090733e-03
5.715238033684769473e-03
4.965718590283729056e-03
4.240563484127449212e-03
3.576650910859545136e-03
2.998145332035388137e-03
2.516519664048607816e-03
2.132337520200893420e-03
1.838077441619481028e-03
1.621266033146364239e-03
1.467331611588389194e-03
1.361816669674961386e-03
1.291819098956310634e-03
1.246713909973297006e-03
1.218314867456243194e-03
1.200671652100395543e-03
1.189682069304703752e-03
1.182654845526525961e-03
1.177907804054860843e-03
1.174442425548742445e-03
1.171705005855778851e-03
1.169427086606282485e-03
1.167530635148184871e-03
1.166082676038542780e-03
1.165286173658713030e-03
1.165496326674899611e-03
1.167252491512187421e-03
1.171315076574163489e-03
1.178694156440196397e-03
1.190653249211236567e-03
1.208669390803733664e-03
1.234331497439716775e-03
1.269165136322452725e-03
1.314384458230328286e-03
1.370590639297495023e-03
1.437457749698406711e-03
1.513466113156379435e-03
1.595753135830739553e-03
1.680146040583966726e-03
1.761416780522858608e-03
1.833758613106351281e-03
1.891434229689242449e-03
1.929499279539587976e-03
1.944476073173500566e-03
1.934850443397996382e-03
1.901293365645347413e-03
1.846562370203296780e-03
1.775102826505141210e-03
1.692429020178823091e-03
1.604404387766817817e-03
1.516550433074771980e-03
1.433494522844512911e-03
1.358625810313626118e-03
1.293978705231478565e-03
1.240317853541096204e-03
1.197367378045812282e-03
1.164114454310696649e-03
1.139121807021112797e-03
1.120800081565706367e-03
1.107612408675382604e-03
1.098203696993545414e-03
1.091462259484417968e-03
1.086529819265284877e-03
1.082778323456314203e-03
1.079770082805384807e-03
1.077213618134235463e-03
1.074922974667607981e-03
1.072784286188294221e-03
1.070730529804615533e-03
1.068723737127751571e-03
1.066743185756765210e-03
1.064777969255484942e-03
1.062822546877260216e-03
1.060874198271281833e-03
1.058931630114038572e-03
1.056994244687894198e-03
1.055061771177249379e-03
1.053134086973486630e-03
1.051211134326578752e-03
1.049292882901197961e-03
1.047379313566015359e-03
1.045470411632916504e-03
1.043566164157974218e-03
1.041666558959305393e-03
1.039771584424559192e-03
1.037881229886225987e-03
1.035995486844147303e-03
1.034114351973136007e-03
1.032237834090562762e-03
1.030365969751562789e-03
1.028498857091850486e-03
1.026636727059211055e-03
1.024780088823364120e-03
1.022930017634861907e-03
1.021088707372362148e-03
1.019260498778860576e-03
1.017453734112763394e-03
1.015683998774697793e-03
1.013979609633900141e-03
1.012390611569004804e-03
1.011003045382131548e-03
1.009960817838832531e-03
1.009498053412712353e-03
1.009985179602401447e-03
1.011991942921251558e-03
1.016369719862119823e-03
1.024353443897068174e-03
1.037679767267184585e-03
1.058712381937257927e-03
1.090557730387134048e-03
1.137145238789814307e-03
1.203237187122068504e-03
1.294326953779229798e-03
1.416384195912419233e-03
1.575415590227461238e-03
1.776833509368895385e-03
2.024663734727167892e-03
2.320674396058174972e-03
2.663563949555901658e-03
3.048392964725935884e-03
3.466465931035739127e-03
3.905848468877024405e-03
4.352630921252357080e-03
4.792921003361950809e-03
5.215380633791282840e-03
5.613945304301178399e-03
5.990219670280873092e-03
6.354974495352755555e-03
6.728213185774174071e-03
7.137446780126964312e-03
7.614102751821796855e-03
8.188354025860711261e-03
8.883024183489464723e-03
9.707523771869430371e-03
1.065292496648749532e-02
1.168923266634908954e-02
1.276564137745309947e-02
1.381410729228864376e-02
1.475598856637023483e-02
1.551092383533044135e-02
1.600665273231489244e-02
1.618824070430648077e-02
1.602521873861258855e-02
1.551548870871095540e-02
1.468541147311635577e-02
1.358616824138596420e-02
1.228712174046523928e-02
1.086736956715164855e-02
9.406889729206450307e-03
7.978604526559296417e-03
6.642376620935502851e-03
5.441492982392089582e-03
4.401702130357103109e-03
3.532451884216646337e-03
2.829699455898330562e-03
2.279559273972704345e-03
1.862100392274578919e-03
1.554759380934175005e-03
1.335039093145083114e-03
1.182365951519623835e-03
1.079141035404242947e-03
1.011125284014774894e-03
9.673460373024525809e-04
9.397123144071975335e-04
9.224964235381393190e-04
9.117962456295676662e-04
9.050486868019184906e-04
9.006282113751389604e-04
8.975382790597528698e-04
8.951877850604244170e-04
8.932372293539229654e-04
8.914976816823429445e-04
8.898672149883738065e-04
8.882924940403740931e-04
8.867464375526334453e-04
8.852156964737857223e-04
8.836938794750190266e-04
8.821780118606897944e-04
8.806667457218418085e-04
8.791594844881555574e-04
8.776559683089293212e-04
8.761560838135870437e-04
8.746597795116336973e-04
8.731670293225856977e-04
8.716778173514976372e-04
8.701921317875212095e-04
8.687099626944959048e-04
8.672313016386305144e-04
8.657561426701215626e-04
8.642844852618999929e-04
8.628163411409519408e-04
8.613517492840925627e-04
8.598908077806060582e-04
8.584337395982369551e-04
8.569810244627456717e-04
8.555336556850154069e-04
8.540936256100288386e-04
8.526648156278943732e-04
8.512545776016441045e-04
8.498764546414826161e-04
8.485547082373195472e-04
8.473315930931766713e-04
8.462786268741048215e-04
8.455133818545155578e-04
8.452234748364596296e-04
8.456992925529795580e-04
8.473763568727427824e-04
8.508868853903403875e-04
8.571178609637087600e-04
8.672697493086620408e-04
8.829061099244494594e-04
9.059803022058781838e-04
9.388222709244721650e-04
9.840673219231477892e-04
1.044511312974161481e-03
1.122883968120420503e-03
1.221544493547183129e-03
1.342120482070025423e-03
1.485129816317474517e-03
1.649641980973991359e-03
1.833045010792200627e-03
2.030982556054800048e-03
2.237509188070135793e-03
2.445481063076077564e-03
2.647157274159704296e-03
2.834942302686102329e-03
3.002162098525459552e-03
3.143745811063835324e-03
3.256689711450018801e-03
3.340211775206462438e-03
3.395560414729733786e-03
3.425508262902718544e-03
3.433626834536400874e-03
3.423484900022830211e-03
3.397930588238521222e-03
3.358599563095627724e-03
3.305742534169489859e-03
3.238396091977420628e-03
3.154847573299294876e-03
3.053284292304911472e-03
2.932483374837631038e-03
2.792397124915322291e-03
2.634518703909965662e-03
2.461965040686213066e-03
2.279274937762296172e-03
2.091976095798099219e-03
1.906013768619183295e-03
1.727149683459393553e-03
1.560432430922411304e-03
1.409814679088133935e-03
1.277956462536594109e-03
1.166216380303813048e-03
1.074801317892156620e-03
1.003024953330052199e-03
9.496172231883617115e-04
9.130297417110878281e-04
8.916927816850158967e-04
8.841941925545145813e-04
8.893663345857968352e-04
9.062815127818746796e-04
9.341683304297353089e-04
9.722704746478140134e-04
1.019675686550966303e-03
1.075146028559400635e-03
1.136980799224824451e-03
1.202940162223863248e-03
1.270250458536064265e-03
1.335701429324792633e-03
1.395832114000223386e-03
1.447187761973660553e-03
1.486617103258289479e-03
1.511570328328264157e-03
1.520355246213052477e-03
1.512313385994169725e-03
1.487888907628571403e-03
1.448579246394940227e-03
1.396774462447231049e-03
1.335508872777621016e-03
1.268160608133678344e-03
1.198140199865037163e-03
1.128607564621632873e-03
1.062248733595787861e-03
1.001131469272608342e-03
9.466452318281289328e-04
8.995184455428596347e-04
8.598966962104304199e-04
8.274604292043269416e-04
8.015599649847757625e-04
7.813484248355924465e-04
7.658981912712234602e-04
7.542924214625673683e-04
7.456886871122529389e-04
7.393562133055331083e-04
7.346910556053730520e-04
7.312148993101274478e-04
7.285632638143665083e-04
7.264681521971720450e-04
7.247390126936992423e-04
7.232446127638886236e-04
7.218972964270170371e-04
7.206402190249900242e-04
7.194375591909430790e-04
7.182673658103410838e-04
7.171165497898399121e-04
7.159775121592519857e-04
7.148459551231903675e-04
7.137195090903773048e-04
7.125968992787157490e-04
7.114774555263071775e-04
7.103608326149927349e-04
7.092468553510935213e-04
7.081354351913968443e-04
7.070265266215042472e-04
7.059201049561740320e-04
7.048161553446424593e-04
7.037146674695601237e-04
7.026156330579469596e-04
7.015190447422719024e-04
7.004248955530951700e-04
6.993331786982996548e-04
6.982438874696885334e-04
6.971570152043270619e-04
6.960725552689125007e-04
6.949905010537429147e-04
6.939108459701176903e-04
6.928335834495919290e-04
6.917587069435114340e-04
6.906862099228380444e-04
6.896160858781686092e-04
6.885483283195103403e-04
6.874829307763716691e-04
6.864198867976224923e-04
6.853591899514232654e-04
6.843008338252728161e-04
6.832448120259013331e-04
6.821911181791513214e-04
6.811397459300786491e-04
6.800906889427427550e-04
6.790439409002736520e-04
6.779994955047982013e-04
6.769573464772598095e-04
6.759174875576218254e-04
6.748799125045187516e-04
6.738446150954826262e-04
6.728115891266768511e-04
6.717808284129765314e-04
6.707523267878839077e-04
6.697260781033986853e-04
6.687020762301008675e-04
6.676803150570090502e-04
6.666607884915545096e-04
6.656434904595654812e-04
6.646284149051132030e-04
6.636155557905884603e-04
6.626049070965146694e-04
6.615964628216968466e-04
6.605902169829661703e-04
6.595861636151642603e-04
6.585842967712559346e-04
6.575846105220672661e-04
6.565870989563738370e-04
6.555917561807900413e-04
6.545985763197536894e-04
6.536075535154070712e-04
6.526186819276784878e-04
6.516319557340399327e-04
6.506473691296816480e-04
6.496649163272460612e-04
6.486845915569601669e-04
6.477063890664264915e-04
6.467303031207119988e-04
6.457563280022169012e-04
6.447844580105997411e-04
6.438146874628274813e-04
6.428470106930591699e-04
6.418814220525922726e-04
6.409179159098079203e-04
6.399564866502167708e-04
6.389971286762041128e-04
6.380398364072349974e-04
6.370846042796234109e-04
6.361314267465152531e-04
6.351802982779402706e-04
6.342312133605774354e-04
6.332841664979078173e-04
6.323391522100028396e-04
6.313961650336210978e-04
6.304551995219775332e-04
6.295162502448843796e-04
6.285793117885863637e-04
6.276443787557221083e-04
6.267114457653891841e-04
6.257805074528198248e-04
6.248515584697016340e-04
6.239245934838366040e-04
6.229996071792603778e-04
6.220765942560329978e-04
6.211555494304258230e-04
6.202364674345942075e-04
6.193193430168138572e-04
6.184041709412005632e-04
6.174909459877684238e-04
6.165796629523863674e-04
6.156703166466975970e-04
6.147629018981061455e-04
6.138574135496634686e-04
6.129538464601270997e-04
6.120521955038133073e-04
6.111524555705814821e-04
6.102546215658247045e-04
6.093586884104204137e-04
6.084646510406045315e-04
6.075725044079348163e-04
6.066822434794288824e-04
6.057938632372627911e-04
6.049073586788359953e-04
6.040227248167586533e-04
6.031399566788005640e-04
6.022590493077843721e-04
6.013799977615053374e-04
6.005027971129126138e-04
5.996274424497452819e-04
5.987539288747061473e-04
5.978822515054087227e-04
5.970124054741381614e-04
5.961443859281116827e-04
5.952781880291269654e-04
5.944138069537053702e-04
5.935512378930590891e-04
5.926904760528400439e-04
5.918315166533790611e-04
5.909743549294541780e-04
5.901189861302599598e-04
5.892654055193901523e-04
5.884136083748679313e-04
5.875635899889892350e-04
5.867153456682626996e-04
5.858688707335342341e-04
5.850241605197672523e-04
5.841812103760313972e-04
5.833400156655866751e-04
5.825005717656263913e-04
5.816628740674472612e-04
5.808269179762515439e-04
5.799926989112069980e-04
5.791602123052897811e-04
5.783294536053396355e-04
5.775004182720340842e-04
5.766731017797204883e-04
5.758474996164763280e-04
5.750236072840710392e-04
5.742014202978270188e-04
5.733809341866657030e-04
5.725621444931040978e-04
5.717450467730306749e-04
5.709296365958549911e-04
5.701159095444212777e-04
5.693038612148406058e-04
5.684934872166060287e-04
5.676847831724697417e-04
5.668777447184700788e-04
5.660723675037165155e-04
5.652686471905966426e-04
5.644665794545639884e-04
5.636661599841178523e-04
5.628673844808415767e-04
5.620702486592013200e-04
5.612747482467454405e-04
5.604808789838119790e-04
5.596886366236857599e-04
5.588980169324211239e-04
5.581090156888397595e-04
5.573216286845858892e-04
5.565358517239183192e-04
5.557516806238153905e-04
5.549691112138604868e-04
5.541881393362117856e-04
5.534087608455373142e-04
5.526309716090557159e-04
5.518547675064058204e-04
5.510801444296913130e-04
5.503070982833986602e-04
5.495356249842843531e-04
5.487657204614823517e-04
5.479973806563230229e-04
5.472306015224486083e-04
5.464653790256115626e-04
5.457017091437697462e-04
5.449395878669375647e-04
5.441790111971681878e-04
5.434199751486674989e-04
5.426624757475460295e-04
5.419065090318229711e-04
5.411520710515575804e-04
5.403991578685994873e-04
5.396477655566333641e-04
5.388978902011917196e-04
5.381495278995432254e-04
5.374026747606620337e-04
5.366573269052652903e-04
5.359134804656463845e-04
5.351711315858136185e-04
5.344302764212366125e-04
5.336909111389889857e-04
5.329530319176463329e-04
5.322166349472214975e-04
5.314817164291886411e-04
5.307482725763533558e-04
5.300162996129569645e-04
5.292857937744829908e-04
5.285567513077440039e-04
5.278291684707917377e-04
5.271030415328451001e-04
5.263783667743512137e-04
5.256551404868740679e-04
5.249333589730457300e-04
5.242130185466029914e-04
5.234941155323278444e-04
5.227766462658989472e-04
5.220606070941043435e-04
5.213459943745102397e-04
5.206328044756588710e-04
5.199210337768678161e-04
5.192106786684111668e-04
5.185017355511835346e-04
5.177942008368931464e-04
5.170880709480247649e-04
5.163833423176527725e-04
5.156800113894896348e-04
5.149780746179508442e-04
5.142775284679462116e-04
5.135783694149308231e-04
5.128805939448760924e-04
5.121841985542846141e-04
5.114891797500246062e-04
5.107955340493540875e-04
5.101032579799877733e-04
5.094123480799374803e-04
5.087228008974395942e-04
5.080346129911272402e-04
5.073477809298495471e-04
5.066623012925308093e-04
5.059781706684710273e-04
5.052953856569206842e-04
5.046139428673692513e-04
5.039338389193040620e-04
5.032550704422624616e-04
5.025776340758281212e-04
5.019015264695191481e-04
5.012267442828232137e-04
5.005532841850727620e-04
4.998811428556178315e-04
4.992103169835385244e-04
4.985408032677291412e-04
4.978725984169028425e-04
4.972056991495598819e-04
4.965401021938554418e-04
4.958758042876583970e-04
4.952128021784805165e-04
4.945510926234737530e-04
4.938906723893986923e-04
4.932315382525597185e-04
4.925736869987606698e-04
4.919171154233308594e-04
4.912618203311448078e-04
4.906077985364095230e-04
4.899550468627482001e-04
4.893035621432307962e-04
4.886533412202429504e-04
4.880043809454280871e-04
4.873566781798547090e-04
4.867102297936877204e-04
4.860650326664493954e-04
4.854210836867837802e-04
4.847783797524733360e-04
4.841369177705533221e-04
4.834966946570615079e-04
4.828577073371928888e-04
4.822199527450887540e-04
4.815834278240098344e-04
4.809481295261648355e-04
4.803140548127184605e-04
4.796812006537389352e-04
4.790495640283003566e-04
4.784191419242377714e-04
4.777899313382647580e-04
4.771619292759285403e-04
4.765351327515857018e-04
4.759095387882694792e-04
4.752851444178403579e-04
4.746619466807621844e-04
4.740399426262968891e-04
4.734191293122197203e-04
4.727995038050016616e-04
4.721810631797012823e-04
4.715638045199012037e-04
4.709477249177721750e-04
4.703328214739237786e-04
4.697190912974851494e-04
4.691065315060242557e-04
4.684951392255949534e-04
4.678849115905134781e-04
4.672758457435555526e-04
4.666679388358829870e-04
4.660611880268878239e-04
4.654555904842149990e-04
4.648511433839171646e-04
4.642478439101495411e-04
4.636456892553420884e-04
4.630446766200727623e-04
4.624448032130702257e-04
4.618460662512137395e-04
4.612484629594986309e-04
4.606519905709480938e-04
4.600566463266523285e-04
4.594624274757493510e-04
4.588693312753507254e-04
4.582773549905405338e-04
4.576864958943192689e-04
4.570967512677024964e-04
4.565081183994679648e-04
4.559205945863279937e-04
4.553341771328837202e-04
4.547488633514925010e-04
4.541646505622673707e-04
4.535815360932089887e-04
4.529995172799256985e-04
4.524185914658383333e-04
4.518387560020018651e-04
4.512600082471667699e-04
4.506823455677010201e-04
4.501057653376452699e-04
4.495302649385441536e-04
4.489558417595764439e-04
4.483824931974613771e-04
4.478102166563880174e-04
4.472390095480805795e-04
4.466688692917480138e-04
4.460997933140032875e-04
4.455317790488609988e-04
4.449648239378153859e-04
4.443989254296925500e-04
4.438340809806386373e-04
4.432702880541584912e-04
4.427075441210406794e-04
4.421458466594179923e-04
4.415851931545461580e-04
4.410255810990247475e-04
4.404670079926517297e-04
4.399094713423582566e-04
4.393529686622540910e-04
4.387974974736088499e-04
4.382430553048359046e-04
4.376896396913565837e-04
4.371372481757143940e-04
4.365858783074901277e-04
4.360355276433544461e-04
4.354861937468063157e-04
4.349378741885010337e-04
4.343905665459822131e-04
4.338442684037487865e-04
4.332989773530951947e-04
4.327546909923977243e-04
4.322114069268048059e-04
4.316691227682367422e-04
4.311278361355213424e-04
4.305875446543315803e-04
4.300482459570026893e-04
4.295099376827186456e-04
4.289726174773252510e-04
4.284362829934796994e-04
4.279009318904296159e-04
4.273665618341584483e-04
4.268331704972414312e-04
4.263007555589585595e-04
4.257693147051454024e-04
4.252388456282394529e-04
4.247093460271851519e-04
4.241808136075607936e-04
4.236532460813902004e-04
4.231266411672651283e-04
4.226009965902069779e-04
4.220763100817287558e-04
4.215525793797172223e-04
4.210298022286060923e-04
4.205079763790511545e-04
4.199870995882406784e-04
4.194671696196529864e-04
4.189481842430421970e-04
4.184301412346266586e-04
4.179130383767775672e-04
4.173968734582022503e-04
4.168816442738605753e-04
4.163673486249679849e-04
4.158539843188484254e-04
4.153415491692245875e-04
4.148300409957430255e-04
4.143194576244055619e-04
4.138097968872955800e-04
4.133010566225340599e-04
4.127932346744115797e-04
4.122863288932813054e-04
4.117803371355382817e-04
4.112752572636548323e-04
4.107710871460956660e-04
4.102678246573195574e-04
4.097654676777476345e-04
4.092640140938200817e-04
4.087634617978399610e-04
4.082638086881150799e-04
4.077650526687380062e-04
4.072671916498998910e-04
4.067702235473992164e-04
4.062741462830402397e-04
4.057789577844632075e-04
4.052846559850330080e-04
4.047912388239928569e-04
4.042987042462571601e-04
4.038070502025616223e-04
4.033162746494315873e-04
4.028263755489973450e-04
4.023373508691378960e-04
4.018491985834420294e-04
4.013619166711067322e-04
4.008755031170147106e-04
4.003899559116582242e-04
3.999052730511825087e-04
3.994214525372744278e-04
3.989384923771714729e-04
3.984563905837573347e-04
3.979751451753562306e-04
3.974947541758821990e-04
3.970152156147526345e-04
3.965365275267909262e-04
3.960586879523454490e-04
3.955816949372820829e-04
3.951055465327939350e-04
3.946302407954806494e-04
3.941557757874888110e-04
3.936821495761926482e-04
3.932093602343884843e-04
3.927374058401875644e-04
3.922662844771145551e-04
3.917959942339641045e-04
3.913265332048361869e-04
3.908578994890174376e-04
3.903900911912289466e-04
3.899231064212561122e-04
3.894569432942865872e-04
3.889915999306287108e-04
3.885270744557664784e-04
3.880633650004449765e-04
3.876004697004756055e-04
3.871383866969400726e-04
3.866771141358991211e-04
3.862166501687179531e-04
3.857569929516760799e-04
3.852981406462288854e-04
3.848400914189547715e-04
3.843828434413461780e-04
3.839263948900648038e-04
3.834707439466353740e-04
3.830158887977909584e-04
3.825618276350691602e-04
3.821085586550603983e-04
3.816560800593443736e-04
3.812043900543910261e-04
3.807534868515869905e-04
3.803033686672577674e-04
3.798540337226289092e-04
3.794054802437509390e-04
3.789577064616440915e-04
3.785107106120323044e-04
3.780644909356415903e-04
3.776190456778680542e-04
3.771743730889776580e-04
3.767304714240228992e-04
3.762873389428197718e-04
3.758449739099547051e-04
3.754033745946945750e-04
3.749625392711818063e-04
3.745224662180867770e-04
3.740831537189267370e-04
3.736446000618096649e-04
3.732068035395277265e-04
3.727697624496164176e-04
3.723334750941265027e-04
3.718979397797759112e-04
3.714631548179719096e-04
3.710291185245783775e-04
3.705958292201589938e-04
3.701632852297717809e-04
3.697314848830822952e-04
3.693004265143151089e-04
3.688701084620434750e-04
3.684405290695854404e-04
3.680116866845997096e-04
3.675835796593511658e-04
3.671562063504291411e-04
3.667295651189474517e-04
3.663036543305176721e-04
3.658784723550914382e-04
3.654540175670922320e-04
3.650302883452860364e-04
3.646072830728455737e-04
3.641850001373825069e-04
3.637634379307795509e-04
3.633425948492521092e-04
3.629224692934391846e-04
3.625030596682651427e-04
3.620843643828994892e-04
3.616663818508426289e-04
3.612491104898824445e-04
3.608325487220815568e-04
3.604166949736963888e-04
3.600015476753258103e-04
3.595871052616317386e-04
3.591733661717136220e-04
3.587603288485968051e-04
3.583479917397363571e-04
3.579363532966002505e-04
3.575254119749086989e-04
3.571151662344775979e-04
3.567056145392900283e-04
3.562967553574033401e-04
3.558885871610841358e-04
3.554811084265146678e-04
3.550743176341236837e-04
3.546682132683550565e-04
3.542627938177341927e-04
3.538580577747646536e-04
3.534540036360242152e-04
3.530506299022268305e-04
3.526479350778182224e-04
3.522459176714323324e-04
3.518445761957515673e-04
3.514439091672955963e-04
3.510439151064787596e-04
3.506445925379295288e-04
3.502459399899109462e-04
3.498479559948066190e-04
3.494506390888039147e-04
3.490539878120780593e-04
3.486580007085725318e-04
3.482626763262485934e-04
3.478680132168298494e-04
3.474740099358809083e-04
3.470806650428515084e-04
3.466879771010198687e-04
3.462959446774668847e-04
3.459045663430499991e-04
3.455138406724770901e-04
3.451237662441766925e-04
3.447343416403353487e-04
3.443455654470028299e-04
3.439574362538229835e-04
3.435699526543052715e-04
3.431831132456557428e-04
3.427969166286734385e-04
3.424113614079850668e-04
3.420264461919068216e-04
3.416421695923372638e-04
3.412585302248877499e-04
3.408755267088757110e-04
3.404931576672153102e-04
3.401114217264422169e-04
3.397303175166698592e-04
3.393498436717491814e-04
3.389699988290520742e-04
3.385907816294929503e-04
3.382121907176507177e-04
3.378342247416176954e-04
3.374568823530862418e-04
3.370801622072294376e-04
3.367040629627850580e-04
3.363285832820372490e-04
3.359537218307623177e-04
3.355794772782422306e-04
3.352058482972078012e-04
3.348328335639191920e-04
3.344604317581427130e-04
3.340886415629873776e-04
3.337174616650857482e-04
3.333468907545688361e-04
3.329769275248284995e-04
3.326075706728715974e-04
3.322388188989077763e-04
3.318706709067011855e-04
3.315031254033649118e-04
3.311361810993280748e-04
3.307698367084425657e-04
3.304040909479124123e-04
3.300389425382248233e-04
3.296743902033573252e-04
3.293104326703919491e-04
3.289470686699304800e-04
3.285842969357064751e-04
3.282221162049655475e-04
3.278605252179326440e-04
3.274995227183677524e-04
3.271391074532413999e-04
3.267792781727272265e-04
3.264200336302269757e-04
3.260613725823954313e-04
3.257032937892001025e-04
3.253457960136980952e-04
3.249888780222694867e-04
3.246325385843923535e-04
3.242767764727690809e-04
3.239215904633122142e-04
3.235669793350563132e-04
3.232129418702119452e-04
3.228594768541486089e-04
3.225065830753392777e-04
3.221542593254490871e-04
3.218025043992068569e-04
3.214513170944553440e-04
3.211006962121658792e-04
3.207506405564504556e-04
3.204011489343597426e-04
3.200522201562154469e-04
3.197038530351933839e-04
3.193560463876175121e-04
3.190087990329693664e-04
3.186621097935753199e-04
3.183159774949710381e-04
3.179704009655136602e-04
3.176253790367830078e-04
3.172809105431559275e-04
3.169369943222051142e-04
3.165936292143085818e-04
3.162508140629032038e-04
3.159085477144150532e-04
3.155668290181898512e-04
3.152256568264561582e-04
3.148850299945430277e-04
3.145449473805534443e-04
3.142054078456164011e-04
3.138664102537035605e-04
3.135279534717345311e-04
3.131900363695012436e-04
3.128526578197004778e-04
3.125158166979276277e-04
3.121795118825265399e-04
3.118437422548720026e-04
3.115085066991477004e-04
3.111738041022262479e-04
3.108396333540623755e-04
3.105059933471721869e-04
3.101728829772097381e-04
3.098403011422961868e-04
3.095082467436303074e-04
3.091767186850760598e-04
3.088457158732579454e-04
3.085152372176939843e-04
3.081852816304888319e-04
3.078558480267239291e-04
3.075269353240726107e-04
3.071985424430426952e-04
3.068706683068128790e-04
3.065433118413248936e-04
3.062164719753029669e-04
3.058901476400129678e-04
3.055643377695770415e-04
3.052390413008403071e-04
3.049142571731680573e-04
3.045899843287177308e-04
3.042662217123082114e-04
3.039429682714327305e-04
3.036202229562732320e-04
3.032979847195290150e-04
3.029762525166499994e-04
3.026550253057400152e-04
3.023343020474541284e-04
3.020140817050485688e-04
3.016943632445387522e-04
3.013751456343366150e-04
3.010564278455960950e-04
3.007382088520707758e-04
3.004204876299368908e-04
3.001032631580974959e-04
2.997865344180043355e-04
2.994703003935877484e-04
2.991545600713368448e-04
2.988393124403813635e-04
2.985245564922685974e-04
2.982102912211948161e-04
2.978965156237055930e-04
2.975832286990397137e-04
2.972704294487891162e-04
2.969581168772061539e-04
2.966462899908611501e-04
2.963349477989093289e-04
2.960240893130157880e-04
2.957137135472010544e-04
2.954038195179944991e-04
2.950944062444675131e-04
2.947854727479683667e-04
2.944770180524585281e-04
2.941690411842084909e-04
2.938615411719428406e-04
2.935545170468755447e-04
2.932479678425529610e-04
2.929418925949997705e-04
2.926362903424853325e-04
2.923311601258208096e-04
2.920265009882009829e-04
2.917223119750813579e-04
2.914185921344368004e-04
2.911153405164878302e-04
2.908125561738024814e-04
2.905102381614048314e-04
2.902083855365712251e-04
2.899069973590127458e-04
2.896060726905939193e-04
2.893056105956674610e-04
2.890056101408317404e-04
2.887060703950328037e-04
2.884069904294749281e-04
2.881083693176825829e-04
2.878102061353722237e-04
2.875124999607448092e-04
2.872152498741629804e-04
2.869184549581730160e-04
2.866221142977592399e-04
2.863262269800190859e-04
2.860307920942988403e-04
2.857358087323716672e-04
2.854412759880303285e-04
2.851471929573796472e-04
2.848535587388172628e-04
2.845603724328198266e-04
2.842676331421949165e-04
2.839753399719048533e-04
2.836834920290855666e-04
2.833920884231398902e-04
2.831011282655237029e-04
2.828106106700326462e-04
2.825205347525470111e-04
2.822308996311248173e-04
2.819417044259386581e-04
2.816529482594877162e-04
2.813646302561398512e-04
2.810767495426575455e-04
2.807893052477780475e-04
2.805022965025031245e-04
2.802157224398355473e-04
2.799295821949877991e-04
2.796438749051989537e-04
2.793585997099014805e-04
2.790737557505375255e-04
2.787893421706853303e-04
2.785053581160721876e-04
2.782218027344239542e-04
2.779386751755160085e-04
2.776559745912991805e-04
2.773737001357109923e-04
2.770918509647644543e-04
2.768104262365140211e-04
2.765294251111441708e-04
2.762488467507367897e-04
2.759686903194777125e-04
2.756889549836217569e-04
2.754096399114205700e-04
2.751307442730868496e-04
2.748522672409193525e-04
2.745742079891883491e-04
2.742965656941792076e-04
2.740193395341167172e-04
2.737425286892877113e-04
2.734661323419657693e-04
2.731901496763320162e-04
2.729145798785581720e-04
2.726394221368096961e-04
2.723646756412450285e-04
2.720903395838989835e-04
2.718164131588012532e-04
2.715428955618990497e-04
2.712697859910955401e-04
2.709970836462499547e-04
2.707247877290973564e-04
2.704528974433667641e-04
2.701814119945798167e-04
2.699103305904106739e-04
2.696396524400790254e-04
2.693693767550341144e-04
2.690995027484265685e-04
2.688300296354281848e-04
2.685609566329451043e-04
2.682922829598984038e-04
2.680240078370153866e-04
2.677561304869075366e-04
2.674886501340234101e-04
2.672215660047263727e-04
2.669548773272460273e-04
2.666885833314706976e-04
2.664226832494278924e-04
2.661571763147487098e-04
2.658920617629872431e-04
2.656273388314891212e-04
2.653630067595083857e-04
2.650990647879928187e-04
2.648355121598224135e-04
2.645723481195130615e-04
2.643095719136579857e-04
2.640471827903452529e-04
2.637851799995974715e-04
2.635235627933224609e-04
2.632623304249721071e-04
2.630014821499855843e-04
2.627410172254885431e-04
2.624809349103644513e-04
2.622212344652849513e-04
2.619619151526130407e-04
2.617029762365578969e-04
2.614444169830362069e-04
2.611862366596606755e-04
2.609284345359312780e-04
2.606710098828516156e-04
2.604139619733260584e-04
2.601572900819398696e-04
2.599009934849442973e-04
2.596450714603647236e-04
2.593895232879457505e-04
2.591343482490499344e-04
2.588795456268101714e-04
2.586251147060701747e-04
2.583710547732858114e-04
2.581173651166735849e-04
2.578640450260686581e-04
2.576110937930750156e-04
2.573585107107952802e-04
2.571062950741484390e-04
2.568544461796823841e-04
2.566029633255990667e-04
2.563518458116910708e-04
2.561010929395334088e-04
2.558507040121695908e-04
2.556006783345112074e-04
2.553510152128140426e-04
2.551017139551603279e-04
2.548527738713142715e-04
2.546041942724031407e-04
2.543559744714451055e-04
2.541081137828640041e-04
2.538606115228871909e-04
2.536134670090611689e-04
2.533666795608596647e-04
2.531202484991990445e-04
2.528741731464539261e-04
2.526284528268170262e-04
2.523830868658926384e-04
2.521380745909695812e-04
2.518934153308701688e-04
2.516491084159239188e-04
2.514051531781145163e-04
2.511615489509244474e-04
2.509182950694397872e-04
2.506753908702792394e-04
2.504328356915702289e-04
2.501906288730481069e-04
2.499487697558607771e-04
2.497072576829246940e-04
2.494660919983852010e-04
2.492252720481882302e-04
2.489847971796232571e-04
2.487446667415108676e-04
2.485048800843443545e-04
2.482654365599188122e-04
2.480263355216459891e-04
2.477875763243945844e-04
2.475491583245917294e-04
2.473110808800626343e-04
2.470733433501738651e-04
2.468359450958453245e-04
2.465988854793476682e-04
2.463621638645309636e-04
2.461257796165762990e-04
2.458897321023545998e-04
2.456540206899618861e-04
2.454186447490775465e-04
2.451836036509308370e-04
2.449488967680108560e-04
2.447145234743348854e-04
2.444804831454171104e-04
2.442467751581481111e-04
2.440133988908916543e-04
2.437803537233213587e-04
2.435476390367764755e-04
2.433152542138385620e-04
2.430831986385559925e-04
2.428514716963676035e-04
2.426200727741532177e-04
2.423890012602866609e-04
2.421582565443393691e-04
2.419278380175227420e-04
2.416977450722617002e-04
2.414679771024183280e-04
2.412385335033453255e-04
2.410094136716723387e-04
2.407806170054889461e-04
2.405521429041328869e-04
2.403239907684140029e-04
2.400961600005786496e-04
2.398686500041825734e-04
2.396414601840541844e-04
2.394145899464301898e-04
2.391880386990946703e-04
2.389618058508118797e-04
2.387358908120785995e-04
2.385102929944260487e-04
2.382850118109952967e-04
2.380600466760589404e-04
2.378353970053758012e-04
2.376110622158437091e-04
2.373870417258993834e-04
2.371633349551693199e-04
2.369399413246943832e-04
2.367168602567549249e-04
2.364940911749636727e-04
2.362716335042671127e-04
2.360494866708602710e-04
2.358276501023662849e-04
2.356061232275725623e-04
2.353849054765651684e-04
2.351639962809087760e-04
2.349433950732044470e-04
2.347231012874895131e-04
2.345031143591075253e-04
2.342834337245285482e-04
2.340640588216643910e-04
2.338449890895998614e-04
2.336262239687275860e-04
2.334077629007040729e-04
2.331896053283593706e-04
2.329717506960112157e-04
2.327541984489710702e-04
2.325369480339028842e-04
2.323199988987766920e-04
2.321033504927785959e-04
2.318870022663099264e-04
2.316709536709850466e-04
2.314552041597205275e-04
2.312397531865978612e-04
2.310246002069976851e-04
2.308097446774613022e-04
2.305951860558249592e-04
2.303809238010814486e-04
2.301669573733770456e-04
2.299532862343263602e-04
2.297399098463752333e-04
2.295268276735223001e-04
2.293140391808168419e-04
2.291015438344468232e-04
2.288893411019612078e-04
2.286774304518584763e-04
2.284658113541264510e-04
2.282544832797392528e-04
2.280434457008804030e-04
2.278326980909369686e-04
2.276222399245419548e-04
2.274120706773861684e-04
2.272021898263960275e-04
2.269925968496366603e-04
2.267832912263522652e-04
2.265742724369610415e-04
2.263655399630944110e-04
2.261570932873632094e-04
2.259489318936706685e-04
2.257410552671622447e-04
2.255334628938508376e-04
2.253261542611612218e-04
2.251191288575565125e-04
2.249123861725765188e-04
2.247059256969229351e-04
2.244997469225894725e-04
2.242938493424415677e-04
2.240882324507133814e-04
2.238828957425415911e-04
2.236778387143700700e-04
2.234730608635741020e-04
2.232685616888676629e-04
2.230643406899248434e-04
2.228603973674643903e-04
2.226567312235171246e-04
2.224533417610952059e-04
2.222502284842736914e-04
2.220473908983218599e-04
2.218448285095072422e-04
2.216425408252254271e-04
2.214405273540377380e-04
2.212387876054745849e-04
2.210373210901652981e-04
2.208361273199204193e-04
2.206352058074903847e-04
2.204345560668318871e-04
2.202341776129129627e-04
2.200340699617015807e-04
2.198342326303406597e-04
2.196346651369048822e-04
2.194353670007610823e-04
2.192363377420454714e-04
2.190375768822575367e-04
2.188390839436416663e-04
2.186408584496425959e-04
2.184428999247998342e-04
2.182452078945957934e-04
2.180477818856292886e-04
2.178506214255115361e-04
2.176537260428041906e-04
2.174570952673375861e-04
2.172607286296323952e-04
2.170646256615452988e-04
2.168687858957860819e-04
2.166732088661379714e-04
2.164778941073992782e-04
2.162828411554618938e-04
2.160880495469693328e-04
2.158935188200084270e-04
2.156992485132011431e-04
2.155052381665372233e-04
2.153114873208903052e-04
2.151179955180491205e-04
2.149247623009392682e-04
2.147317872133732244e-04
2.145390698002701106e-04
2.143466096074061100e-04
2.141544061816341000e-04
2.139624590707749877e-04
2.137707678236494503e-04
2.135793319900137230e-04
2.133881511206886733e-04
2.131972247673511736e-04
2.130065524826627954e-04
2.128161338204428760e-04
2.126259683352719164e-04
2.124360555828086299e-04
2.122463951195340697e-04
