5.607741748632775192e-01
6.082963919090736971e-01
6.608027822690110131e-01
7.175050950301423702e-01
7.775292333915870824e-01
8.399133022934575088e-01
9.036268521821553268e-01
9.676304109008180276e-01
1.030949363503336436e+00
1.092722031630239510e+00
1.152219762040225026e+00
1.208877881758923856e+00
1.262356965011780963e+00
1.312587833369851520e+00
1.359722124825019307e+00
1.403960811790968988e+00
1.445329279404197864e+00
1.483541479934548102e+00
1.518119401225529463e+00
1.548953632943874004e+00
1.577645438843303216e+00
1.610441809964309634e+00
1.664272951273269241e+00
1.777364440635615495e+00
2.023036514157452448e+00
2.517919236475172351e+00
3.406638493597133888e+00
4.804659841749327143e+00
6.702673626975910182e+00
8.877937747376737576e+00
1.088874263943210785e+01
1.220286539887718114e+01
1.242248996727533594e+01
1.147922208171296532e+01
9.670705280489670486e+00
7.513279231146587023e+00
5.509754373768000590e+00
3.972645208466397904e+00
2.979375815906388780e+00
2.438380482550163819e+00
2.193767072380211403e+00
2.108624096679481585e+00
2.106232047609632119e+00
2.175737729214652028e+00
2.354553178310596184e+00
2.695493926150905217e+00
3.225547757789797743e+00
3.908920096839572533e+00
4.633586728767253859e+00
5.237354660101991577e+00
5.570772018223512312e+00
5.568491944677923300e+00
5.287623990108704319e+00
4.885676230784702589e+00
4.545615386131227176e+00
4.387670520016925479e+00
4.415312719175595646e+00
4.522763062369739018e+00
4.556928579991040174e+00
4.397718190630097723e+00
4.013153468754024900e+00
3.463666370186050614e+00
2.861739254902944118e+00
2.317121809995388304e+00
1.899122088535270425e+00
1.629155096777602285e+00
1.495669698668771641e+00
1.474215089899236331e+00
1.539617543099464747e+00
1.667399667370433880e+00
1.829578951774028184e+00
1.992305664674741461e+00
2.120013754626509428e+00
2.185412635077959465e+00
2.179950808537773899e+00
2.118077217038305537e+00
2.031559057142955815e+00
1.955576679708062482e+00
1.913094215419731015e+00
1.905372104793069177e+00
1.913614789341651079e+00
1.910969711015349848e+00
1.878381396793258773e+00
1.815500720080766239e+00
1.740675977567535337e+00
1.680503078466141664e+00
1.655374225995482007e+00
1.669177060417606384e+00
1.708148858545434079e+00
1.748510184370125176e+00
1.768356460977352329e+00
1.758275283864481509e+00
1.727065071908863159e+00
1.702395776460040366e+00
1.729707253689371615e+00
1.874300657783398716e+00
2.229211792215757271e+00
2.923642235231592501e+00
4.116083795308921545e+00
5.951799194997692943e+00
8.477567037793184213e+00
1.153992290025932732e+01
1.472843567613493043e+01
1.742932297168597344e+01
1.900537642729727850e+01
1.903589755821593243e+01
1.749408624859030326e+01
1.476080458149126784e+01
1.146652960173355140e+01
8.251683675916778427e+00
5.569333289533173748e+00
3.608288269214648736e+00
2.334189043435996869e+00
1.590393463083152659e+00
1.194922137499819126e+00
9.987664484632406969e-01
9.037296186209278215e-01
8.554112617537048546e-01
8.280124512548614479e-01
8.108764515695512376e-01
7.998866347701176771e-01
7.931208122394854954e-01
7.891462995247876533e-01
7.866262031520122600e-01
7.844447024230026821e-01
7.819297553340551765e-01
7.789474261538421596e-01
7.757810018032971211e-01
7.728510992757378073e-01
7.704382637343789586e-01
7.685635316943554285e-01
7.670612922609615358e-01
7.657374605841580362e-01
7.644622287494147184e-01
7.631330360570807159e-01
7.615751717172852819e-01
7.595015748181793702e-01
7.565846375390801182e-01
7.525749708815971939e-01
7.473544997371301957e-01
7.408812048466251188e-01
7.330990616089807510e-01
7.239307434329660396e-01
7.133953712416338799e-01
7.017698086718220374e-01
6.896567127721831003e-01
6.778847468785442754e-01
6.672862780448339803e-01
6.584729719981553542e-01
6.517110228244560322e-01
6.469214668430479653e-01
6.437682594711046091e-01
6.417847565393548503e-01
6.405093125530633147e-01
6.396117081057687281e-01
6.389771501974460532e-01
6.386972347387687154e-01
6.389361520082654788e-01
6.397069055915813873e-01
6.406693739247864006e-01
6.410862814749194172e-01
6.400066776669206536e-01
6.366168457285472648e-01
6.305884667354307860e-01
6.222423761455373459e-01
6.124460922170983368e-01
6.023084152968933846e-01
5.928302025392608865e-01
5.846643465088006142e-01
5.780516343862737161e-01
5.729008408897570126e-01
5.689301797547111628e-01
5.657967664480926251e-01
5.631840312998731557e-01
5.608562636194104334e-01
5.587023685112439964e-01
5.567780948057399204e-01
5.553327749126288904e-01
5.547905973120417222e-01
5.556590520540107825e-01
5.583609402709792668e-01
5.630247253808581265e-01
5.693058455792572303e-01
5.763273787451650421e-01
5.828029647363873744e-01
5.873360832560143852e-01
5.888036369908905554e-01
5.866754757645109564e-01
5.811357578462674756e-01
5.729594210919872754e-01
5.632123883446480406e-01
5.529203861528939612e-01
5.428448121486915134e-01
5.334254127203668094e-01
5.248541610131828294e-01
5.171917125639442503e-01
5.104491812754907709e-01
5.046099770901135706e-01
4.996150607383526010e-01
4.953505912160051095e-01
4.916605289018171066e-01
4.883801329758496457e-01
4.853707788305898774e-01
4.825387985126793899e-01
4.798338111806713102e-01
4.772337779115489731e-01
4.747280377193633938e-01
4.723062908931867088e-01
4.699554554718071708e-01
4.676618682670373173e-01
4.654151329145619909e-01
4.632112633557333714e-01
4.610548666681629215e-01
4.589614932457279362e-01
4.569612763281422074e-01
4.551035763177529447e-01
4.534600217577547387e-01
4.521211179987619233e-01
4.511810792379474244e-01
4.507084427892417700e-01
4.507068885311744655e-01
4.510793790840430528e-01
4.516142281221112720e-01
4.520084443933595209e-01
4.519299598279749586e-01
4.511013918179342941e-01
4.493744675847002323e-01
4.467655218050798904e-01
4.434393891546776767e-01
4.396521905736007207e-01
4.356795539022600972e-01
4.317576198181092284e-01
4.280519862178548407e-01
4.246540906856122732e-01
4.215945924952637092e-01
4.188621186028573806e-01
4.164201820231001605e-01
4.142201231263238359e-01
4.122105576119331483e-01
4.103440603086035976e-01
4.085812194189512025e-01
4.068919975445123849e-01
4.052547482243049060e-01
4.036538195071357471e-01
4.020769645482787924e-01
4.005136040605138947e-01
3.989544547480251002e-01
3.973924049404077841e-01
3.958240746521735631e-01
3.942514809272535392e-01
3.926837224661130499e-01
3.911394361702032474e-01
3.896515342940279347e-01
3.882757819192376170e-01
3.871034571896316834e-01
3.862752353862447530e-01
3.859888926629839734e-01
3.864891607051795797e-01
3.880273928729587873e-01
3.907854414090008999e-01
3.947738452777995177e-01
3.997350814897775440e-01
4.050977072418900371e-01
4.100237689683753350e-01
4.135632221087771621e-01
4.148829393559027578e-01
4.134961034070799291e-01
4.094054210742431588e-01
4.031023186126648783e-01
3.954224348897909525e-01
3.873157236156931083e-01
3.796178112347371458e-01
3.728965122501656793e-01
3.674054423881414344e-01
3.631305923200174313e-01
3.598873586745293673e-01
3.574223622967118152e-01
3.554896318171896219e-01
3.538914085142830235e-01
3.524894653631560071e-01
3.511995506721050098e-01
3.499810395694166187e-01
3.488299134947220881e-01
3.477788216830111079e-01
3.469043352876821640e-01
3.463382197349008651e-01
3.462759537136140264e-01
3.469720912995421513e-01
3.487103523876438627e-01
3.517397592501415593e-01
3.561792745895376311e-01
3.619112159575422205e-01
3.685015673602758945e-01
3.751921810586246742e-01
3.809960725293511374e-01
3.848918500646520413e-01
3.860693339275018676e-01
3.841474330696837414e-01
3.792865596386522653e-01
3.721549718771063331e-01
3.637651371518138554e-01
3.552444467773284154e-01
3.476208820872587202e-01
3.416830746889261694e-01
3.379302623291102203e-01
3.365858023741646887e-01
3.376288808440281453e-01
3.408092283624697960e-01
3.456396992328764073e-01
3.513927363836943929e-01
3.571406367017269656e-01
3.618670515296516510e-01
3.646432259664286746e-01
3.648242615896800656e-01
3.621992344677377740e-01
3.570377908273156264e-01
3.500125708991326801e-01
3.420240046119630839e-01
3.339887898627383334e-01
3.266603139376660914e-01
3.205283412918553676e-01
3.158098902500582339e-01
3.125110381227576006e-01
3.105224894994162432e-01
3.097120252788402861e-01
3.099883345748511987e-01
3.113248885884445927e-01
3.137438625202513265e-01
3.172674969421819813e-01
3.218495205114447755e-01
3.273042503141560533e-01
3.332554778112055693e-01
3.391282821042761464e-01
3.442004957571364043e-01
3.477147972730124659e-01
3.490304233012079260e-01
3.477737309381671582e-01
3.439396571249433432e-01
3.379078266262810493e-01
3.303650555046558912e-01
3.221587694548328495e-01
3.141286096857889287e-01
3.069662299876549927e-01
3.011361677656442248e-01
2.968633962640366830e-01
2.941690693713349125e-01
2.929249106670235303e-01
2.929008599570745996e-01
2.937948584216539261e-01
2.952493214843207037e-01
2.968681266278943576e-01
2.982471733655041590e-01
2.990222375323555171e-01
2.989254047880480214e-01
2.978325426993529423e-01
2.957837982830467949e-01
2.929674541601998139e-01
2.896706603552709480e-01
2.862123114363552823e-01
2.828784316186700454e-01
2.798772567997170890e-01
2.773221823547313281e-01
2.752405431832989913e-01
2.735990525407440144e-01
2.723345575501668892e-01
2.713808577526754529e-01
2.706864341998219126e-01
2.702217998035224000e-01
2.699775982477232161e-01
2.699555767205350509e-01
2.701549100597498976e-01
2.705568345226623261e-01
2.711113562425432333e-01
2.717304062078582105e-01
2.722913070365259869e-01
2.726521545925360002e-01
2.726769461506622916e-01
2.722643061965979161e-01
2.713713204037800364e-01
2.700247062736668147e-01
2.683154153739447101e-01
2.663783197791520507e-01
2.643635486327589601e-01
2.624082891341978918e-01
2.606167475401269806e-01
2.590523277838631122e-01
2.577417179379948298e-01
2.566872119755701509e-01
2.558821451504904587e-01
2.553247031658316679e-01
2.550268806549951806e-01
2.550172538519729359e-01
2.553380184343481685e-01
2.560382100759979185e-01
2.571659625883955802e-01
2.587626792191268787e-01
2.608606716850174756e-01
2.634831659346325017e-01
2.666425065422728391e-01
2.703307598276506463e-01
2.744986985676601265e-01
2.790250720808268858e-01
2.836864125355696986e-01
2.881442941800113622e-01
2.919671840773339078e-01
2.946951895376337949e-01
2.959399103644524409e-01
2.954944728727383341e-01
2.934186636901498502e-01
2.900665906506890157e-01
2.860397144960745153e-01
2.820709132481423742e-01
2.788669295996161202e-01
2.769495596886484834e-01
2.765366570104413890e-01
2.774933361476420446e-01
2.793656011803396511e-01
2.814879869026074011e-01
2.831384751094628838e-01
2.837020910537586538e-01
2.828023809197100502e-01
2.803687383039142889e-01
2.766255924969688307e-01
2.720117351521742499e-01
2.670574088830203197e-01
2.622567000678503457e-01
2.579701805433151085e-01
2.543793117412171956e-01
2.514954686653890770e-01
2.492095589321832450e-01
2.473586107166828307e-01
2.457854979564702280e-01
2.443756123219291976e-01
2.430657304078476522e-01
2.418308925335586335e-01
2.406612902980341806e-01
2.395416494396745699e-01
2.384413931501693507e-01
2.373175192604236039e-01
2.361264771885004665e-01
2.348383995365593835e-01
2.334473661391185950e-01
2.319740959932670432e-01
2.304609622241642064e-01
2.289619689810706571e-01
2.275314645704598071e-01
2.262148963431906967e-01
2.250434619562433625e-01
2.240328864243670282e-01
2.231853698909672945e-01
2.224932536037427799e-01
2.219430525156210476e-01
2.215189324795427961e-01
2.212051842878090813e-01
2.209875800785187916e-01
2.208536423304139629e-01
2.207918826579851890e-01
2.207901063921112461e-01
2.208330380459480324e-01
2.208998166991676393e-01
2.209622267131782780e-01
2.209846644557270090e-01
2.209266044424406383e-01
2.207476664405234046e-01
2.204144641316010123e-01
2.199075866970538751e-01
2.192267155146196411e-01
2.183922385631053009e-01
2.174427281897536590e-01
2.164289354227210971e-01
2.154060305387962559e-01
2.144262755313997293e-01
2.135340007464611445e-01
2.127638297897966879e-01
2.121419166861825134e-01
2.116889340295613486e-01
2.114229878487949299e-01
2.113606745682836963e-01
2.115151167183634273e-01
2.118908698864140350e-01
2.124768379435456322e-01
2.132394395705698997e-01
2.141188684997565039e-01
2.150310698436430634e-01
2.158768986754040775e-01
2.165580332772782390e-01
2.169971053962414520e-01
2.171578721766336539e-01
2.170606706246247242e-01
2.167890778622562631e-01
2.164853962518725472e-01
2.163347153605678919e-01
2.165392801913137988e-01
2.172863946719798545e-01
2.187141360707119675e-01
2.208799347181708006e-01
2.237376073903669105e-01
2.271283756505378115e-01
2.307901433517297596e-01
2.343863994447788757e-01
2.375517582372064507e-01
2.399464374123640997e-01
2.413085960995071388e-01
2.414929761271547570e-01
2.404873246127146591e-01
2.384038444585833694e-01
2.354494723690934710e-01
2.318838337660466264e-01
2.279756516026207047e-01
2.239669025939947655e-01
2.200501523492811862e-01
2.163599977936142282e-01
2.129759999122938785e-01
2.099327430148082985e-01
2.072326543409797883e-01
2.048583103246141568e-01
2.027823696825602484e-01
2.009744713116584369e-01
1.994052238424639800e-01
1.980478432795698962e-01
1.968781873140456051e-01
1.958739709542748064e-01
1.950138541171667350e-01
1.942768833954996166e-01
1.936424941020370161e-01
1.930910141358892496e-01
1.926044370599856170e-01
1.921671893641547779e-01
1.917666953314133282e-01
1.913936925893885699e-01
1.910424125331082190e-01
1.907108670600398403e-01
1.904015539134379098e-01
1.901228987587798014e-01
1.898916813440499618e-01
1.897365190306509186e-01
1.897021655770268489e-01
1.898539021343127464e-01
1.902806837159834175e-01
1.910950930899272815e-01
1.924278030060775913e-01
1.944145003983583364e-01
1.971743960324097433e-01
2.007816316595909256e-01
2.052338085374597609e-01
2.104247177209996877e-01
2.161300108993735314e-01
2.220138655886897960e-01
2.276610465636970670e-01
2.326325201804547715e-01
2.365354752616124490e-01
2.390926112540484039e-01
2.401932736712642513e-01
2.399118950121769678e-01
2.384869755050799400e-01
2.362644149175263664e-01
2.336190790516932680e-01
2.308747150388998637e-01
2.282425989204600880e-01
2.257935097027914673e-01
2.234677282989162572e-01
2.211170166406243864e-01
2.185643141278356960e-01
2.156635159930349321e-01
2.123437353286322660e-01
2.086286804482586910e-01
2.046298019850613659e-01
2.005190365804629393e-01
1.964913143265167861e-01
1.927277335603758968e-01
1.893679237315571140e-01
1.864959608015926973e-01
1.841398606758975764e-01
1.822814185375461749e-01
1.808715960800056921e-01
1.798467221447787590e-01
1.791419478650068953e-01
1.787000224663942427e-01
1.784749820525469710e-01
1.784314653841622134e-01
1.785410179498703176e-01
1.787769931593148620e-01
1.791096201101139984e-01
1.795025632146879657e-01
1.799118890883363853e-01
1.802878074589243929e-01
1.805789228301112048e-01
1.807381317938037968e-01
1.807288731568999496e-01
1.805303182666953554e-01
1.801403420262147059e-01
1.795757025587202127e-01
1.788696461280704086e-01
1.780679684560101672e-01
1.772252604315958380e-01
1.764035934098434899e-01
1.756763094347472687e-01
1.751399813700597052e-01
1.749380499930694444e-01
1.752999929324755013e-01
1.765996913176333116e-01
1.794351517860761080e-01
1.847279124753148927e-01
1.938334279216428757e-01
2.086432885846829233e-01
2.316474656178172942e-01
2.659130167807540190e-01
3.149299941938635827e-01
3.822819333036151512e-01
4.711226324250983311e-01
5.834844825481343422e-01
7.195012414529540212e-01
8.766867626039580585e-01
1.049451391274945689e+00
1.229039067477466496e+00
1.404016911443337179e+00
1.561345945948612535e+00
1.687925826475375368e+00
1.772373072385609705e+00
1.806702533741115335e+00
1.787568918592551626e+00
1.716801171619595667e+00
1.601111604151260082e+00
1.451043985564709704e+00
1.279389083724468579e+00
1.099397272457228514e+00
9.231317931400426779e-01
7.602368914713142356e-01
6.172703700261311655e-01
4.976105631608086499e-01
4.018317194056386099e-01
3.283739779179347673e-01
2.743207143818216509e-01
2.361268605024849365e-01
2.101974185894807667e-01
1.932752317009284460e-01
1.826457038638296670e-01
1.761960854503710761e-01
1.723780162209812561e-01
1.701189231564322613e-01
1.687170007064767996e-01
1.677415758937826906e-01
1.669494662582473588e-01
1.662201503847252348e-01
1.655082497878218595e-01
1.648101433108560832e-01
1.641414342702834372e-01
1.635225635160413304e-01
1.629705321808882779e-01
1.624952045673903889e-01
1.620989594699825675e-01
1.617786075507917920e-01
1.615285754407405905e-01
1.613444358901373055e-01
1.612259704965247342e-01
1.611791008014081539e-01
1.612162215434590484e-01
1.613547224942097902e-01
1.616137950319959660e-01
1.620099766288242427e-01
1.625522594789349795e-01
1.632379219520386782e-01
1.640504565347377375e-01
1.649609830341980665e-01
1.659342839965348149e-01
1.669400491096921235e-01
1.679690836738004789e-01
1.690531891050435220e-01
1.702862680511223192e-01
1.718430827544902284e-01
1.739911760983832434e-01
1.770909695735494727e-01
1.815792567313033179e-01
1.879325260195026659e-01
1.966090394520513818e-01
2.079724332600147441e-01
2.222044808552860184e-01
2.392197338200344192e-01
2.585986979895594784e-01
2.795574287369975153e-01
3.009686066574955854e-01
3.214417858447849996e-01
3.394594054828211638e-01
3.535525415301576380e-01
3.624894490409117376e-01
3.654439887761188333e-01
3.621123076655216599e-01
3.527550042565078536e-01
3.381565940546956694e-01
3.195107719319797424e-01
2.982544593181441495e-01
2.758823083292937239e-01
2.537743721473709191e-01
2.330634337928997601e-01
2.145573365426125534e-01
1.987189318683727501e-01
1.856952222043912748e-01
1.753801840126219536e-01
1.674934094878737512e-01
1.616585248260903329e-01
1.574698546375915553e-01
1.545412630663405007e-01
1.525360416309305134e-01
1.511802394390484305e-01
1.502636773557479155e-01
1.496332708352412499e-01
1.491826789045134771e-01
1.488412133290023809e-01
1.485637952629388081e-01
1.483227899157139873e-01
1.481018843289494680e-01
1.478917924180517818e-01
1.476874114233075463e-01
1.474860362056998886e-01
1.472862939181987241e-01
1.470875433567862267e-01
1.468895629818757764e-01
1.466924169776171460e-01
1.464964371669525700e-01
1.463022921404913967e-01
1.461111369313808361e-01
1.459248497482358020e-01
1.457463680800341332e-01
1.455801348188907329e-01
1.454326545755504074e-01
1.453131391756034285e-01
1.452341878958554600e-01
1.452124026418521729e-01
1.452687847680877165e-01
1.454287075528934714e-01
1.457212214586657562e-01
1.461774485214733243e-01
1.468278798031932286e-01
1.476985236144439939e-01
1.488060667519405245e-01
1.501524884807785287e-01
1.517198615204777001e-01
1.534663137010390532e-01
1.553242222779500914e-01
1.572015933844586877e-01
1.589872029049979318e-01
1.605594665363608009e-01
1.617982643889122329e-01
1.625982296007447425e-01
1.628815070133425302e-01
1.626078555122924818e-01
1.617802843176831262e-01
1.604451432867924909e-01
1.586865799483377082e-01
1.566163041004816070e-01
1.543604234977254130e-01
1.520455465050914168e-01
1.497863124286506475e-01
1.476760551448455527e-01
1.457815812814136081e-01
1.441422534540604539e-01
1.427729060618419532e-01
1.416697201537922002e-01
1.408180919404082299e-01
1.402017064347008402e-01
1.398123674202467470e-01
1.396604970988395700e-01
1.397864597738018577e-01
1.402728615998138084e-01
1.412576506004196708e-01
1.429471624935303442e-01
1.456272791917946341e-01
1.496697360520970743e-01
1.555295900293399980e-01
1.637293052904345569e-01
1.748252408879751307e-01
1.893539074608664996e-01
2.077583818729396015e-01
2.302995788586847392e-01
2.569620816464229796e-01
2.873688886009981847e-01
3.207224072461113407e-01
3.557890062895479044e-01
3.909405371037686372e-01
4.242584029632299192e-01
4.536949944900696696e-01
4.772756404008560160e-01
4.933142819591972983e-01
5.006104679255629630e-01
4.985957960063640559e-01
4.874050159542203109e-01
4.678594452393767256e-01
4.413655197550757636e-01
4.097458638121795893e-01
3.750310294369544883e-01
3.392448429484619110e-01
3.042144633874412363e-01
2.714287671153731152e-01
2.419577121782375828e-01
2.164336259869251156e-01
1.950854050016458952e-01
1.778101166267929689e-01
1.642640725318591233e-01
1.539566994192952398e-01
1.463343609236448795e-01
1.408462949073599757e-01
1.369897495765662332e-01
1.343353319122478073e-01
1.325360976640518607e-01
1.313250117645317350e-01
1.305053763996766869e-01
1.299380723658232761e-01
1.295283907472872531e-01
1.292141574827496142e-01
1.289559618291511722e-01
1.287296672625536653e-01
1.285210048795015214e-01
1.283218747882586275e-01
1.281279454680791241e-01
1.279371848188714522e-01
1.277490341030554089e-01
1.275640176959307315e-01
1.273836513099448620e-01
1.272105621400400066e-01
1.270487644963115281e-01
1.269040450015593013e-01
1.267844048273057966e-01
1.267004866513222749e-01
1.266658869156652434e-01
1.266972279869613138e-01
1.268138509286006466e-01
1.270369999772335834e-01
1.273884151595190695e-01
1.278883349749317944e-01
1.285530321511032803e-01
1.293921447995108887e-01
1.304061928142324633e-01
1.315847467924823599e-01
1.329057068515333562e-01
1.343360275255141012e-01
1.358339939203856983e-01
1.373528476941009990e-01
1.388452445432565852e-01
1.402677816419513335e-01
1.415847444114194942e-01
1.427703382353775752e-01
1.438089922951597821e-01
1.446937892804186221e-01
1.454235745892265008e-01
1.459996953392076746e-01
1.464234901749412732e-01
1.466955245170916133e-01
1.468171494843095726e-01
1.467943450797440930e-01
1.466431395601987819e-01
1.463953487871645087e-01
1.461030975155307998e-01
1.458406487434114329e-01
1.457024705081846616e-01
1.457971228186653034e-01
1.462373068320536040e-01
1.471271254513336624e-01
1.485481265527811290e-01
1.505459583331520690e-01
1.531194450600382728e-01
1.562136280987680426e-01
1.597178790514289792e-01
1.634696519215395050e-01
1.672638591589500068e-01
1.708672737441832568e-01
1.740368065986933888e-01
1.765400190724840945e-01
1.781758524706924807e-01
1.787933557360736891e-01
1.783062383163096509e-01
1.767014189667250601e-01
1.740403885409026463e-01
1.704530976416163135e-01
1.661250951122082431e-01
1.612796119737383016e-01
1.561570299358705505e-01
1.509945507048787716e-01
1.460088192096052617e-01
1.413837659471461894e-01
1.372651180170615381e-01
1.337620360117122154e-01
1.309553295385797456e-01
1.289108275722818941e-01
1.276958198409393341e-01
1.273960736918724190e-01
1.281307555866696424e-01
1.300626190610644495e-01
1.334010452618408504e-01
1.383959527075864504e-01
1.453212756094225955e-01
1.544477004073618875e-01
1.660056738090118222e-01
1.801413029010942579e-01
1.968694982895432544e-01
2.160302847755087297e-01
2.372552521478081267e-01
2.599512562609336275e-01
2.833074087885275594e-01
3.063290087621919344e-01
3.278985426090701982e-01
3.468596842047896311e-01
3.621160793724396698e-01
3.727334288577504040e-01
3.780317448481433917e-01
3.776551373344867457e-01
3.716091656445646985e-01
3.602602812959616596e-01
3.442974037336871129e-01
3.246611889699533848e-01
3.024510464989288994e-01
2.788226335151634538e-01
2.548890089118324709e-01
2.316369337418622276e-01
2.098664530227292713e-01
1.901576575922754031e-01
1.728642588090457122e-01
1.581300583750845923e-01
1.459220547347120922e-01
1.360729768998366340e-01
1.283263617633609577e-01
1.223785638938723330e-01
1.179138777379176994e-01
1.146308394702973826e-01
1.122594277686112807e-01
1.105700997241263195e-01
1.093763143145441152e-01
1.085324534016536141e-01
1.079289575325628470e-01
1.074861838354618793e-01
1.071480901455734436e-01
1.068764485004299047e-01
1.066459517741267099e-01
1.064403257682166454e-01
1.062493969186633358e-01
1.060669791882541263e-01
1.058894126168969524e-01
1.057145902470927462e-01
1.055413330041205661e-01
1.053690016861068141e-01
1.051972641488729959e-01
1.050259603705289563e-01
1.048550271325156824e-01
1.046844577868702442e-01
1.045142819002623374e-01
1.043445555599811780e-01
1.041753567830364380e-01
1.040067826125130462e-01
1.038389457075549749e-01
1.036719689768866859e-01
1.035059773485225015e-01
1.033410863006813257e-01
1.031773873789252893e-01
1.030149316080149619e-01
1.028537124124085794e-01
1.026936502743620860e-01
1.025345817370040408e-01
1.023762553711653339e-01
1.022183368636447043e-01
1.020604244492884782e-01
1.019020745854812698e-01
1.017428362588028712e-01
1.015822909020642900e-01
1.014200938914960048e-01
1.012560132570864968e-01
1.010899617398212241e-01
1.009220196573125533e-01
1.007524480165501446e-01
1.005816936062474271e-01
1.004103899554614626e-01
1.002393596086444960e-01
1.000696237489682866e-01
9.990242456231349100e-02
9.973926387917925185e-02
9.958195880815275125e-02
9.943271180289312006e-02
9.929418964959677019e-02
9.916960411257270958e-02
9.906278733264123337e-02
9.897825820130924657e-02
9.892128197624511232e-02
9.889793367115694289e-02
9.891518448524236340e-02
9.898103679787505216e-02
9.910473324925485328e-02
9.929705513720073207e-02
9.957070170701833034e-02
9.994070417364374348e-02
1.004247795851267583e-01
1.010434777201842937e-01
1.018199316319144815e-01
1.027790049054991828e-01
1.039456520454825755e-01
1.053423843234803925e-01
1.069858646899130572e-01
1.088828319612333978e-01
1.110257520460187497e-01
1.133887754679805127e-01
1.159247021006839518e-01
1.185636743035541341e-01
1.212142100433003938e-01
1.237669422969371047e-01
1.261010729221705429e-01
1.280931293949175986e-01
1.296272033931087364e-01
1.306055303634837683e-01
1.309581082523385009e-01
1.306500944716633694e-01
1.296859680215486366e-01
1.281098626280410824e-01
1.260019961595260363e-01
1.234716507225949444e-01
1.206476050872555411e-01
1.176672132312416297e-01
1.146654194380747338e-01
1.117649003724812823e-01
1.090682631111620504e-01
1.066528662249599385e-01
1.045684402284016712e-01
1.028373304658333348e-01
1.014569186296547243e-01
1.004036232313479798e-01
9.963783446748655792e-02
9.910918548383113036e-02
9.876166917045602067e-02
9.853824397494277687e-02
9.838470538500380946e-02
9.825271264877384614e-02
9.810194447672439255e-02
9.790141347935350791e-02
9.763000332556640015e-02
9.727631360306407404e-02
9.683791265169644502e-02
9.632011275850405063e-02
9.573439601522930331e-02
9.509663082302478865e-02
9.442522487338207704e-02
9.373935682955071569e-02
9.305741369081388381e-02
9.239573399039072155e-02
9.176772098808660960e-02
9.118334917774892356e-02
9.064904701359252637e-02
9.016790388792554622e-02
8.974012407311081352e-02
8.936363684916306949e-02
8.903477064128408058e-02
8.874890823439497700e-02
8.850105726609483470e-02
8.828629189189043935e-02
8.810004444378206900e-02
8.793824724668758419e-02
8.779734247423649773e-02
8.767419079086560818e-02
8.756591706354188709e-02
8.746973370861824137e-02
8.738277973488779715e-02
8.730200698780245239e-02
8.722413541781701141e-02
8.714568752426399278e-02
8.706309974468526280e-02
8.697289688827210263e-02
8.687190617905903023e-02
8.675748131737215374e-02
8.662770506625744327e-02
8.648154152410901518e-02
8.631891606597311140e-02
8.614071089452764174e-02
8.594867565662318853e-02
8.574526384901710874e-02
8.553341500584328572e-02
8.531630859367074493e-02
8.509711740893746712e-02
8.487878610288478176e-02
8.466385492952950564e-02
8.445434113627331429e-02
8.425168198845824075e-02
8.405673563417589977e-02
8.386982991972222190e-02
8.369084550493877117e-02
8.351931833445078168e-02
8.335454740855294253e-02
8.319569630295615970e-02
8.304188028277541267e-02
8.289223446351727531e-02
8.274596172753737044e-02
8.260236165093787220e-02
8.246084336830289407e-02
8.232092613254869684e-02
8.218223144698892646e-02
8.204447026702391121e-02
8.190742809771925370e-02
8.177095004275010404e-02
8.163492712495502845e-02
8.149928457500354995e-02
8.136397232411336777e-02
8.122895762334708669e-02
8.109421953545881134e-02
8.095974496975813506e-02
8.082552592200804853e-02
8.069155761945227823e-02
8.055783732201955705e-02
8.042436359137240809e-02
8.029113589999371803e-02
8.015815450376488627e-02
8.002542055136144250e-02
7.989293645436366942e-02
7.976070659074235847e-02
7.962873847259338556e-02
7.949704457527102808e-02
7.936564509753342433e-02
7.923457200454170346e-02
7.910387477896184405e-02
7.897362836052314317e-02
7.884394376141103111e-02
7.871498177774681471e-02
7.858697001821901562e-02
7.846022312683852140e-02
7.833516551910182923e-02
7.821235519873911968e-02
7.809250627318531368e-02
7.797650672766162638e-02
7.786542697493924192e-02
7.776051388317389845e-02
7.766316463635770939e-02
7.757487517932455667e-02
7.749715939786683272e-02
7.743143771723101643e-02
7.737889747196718959e-02
7.734033197377755686e-02
7.731597018808258892e-02
7.730531361417235237e-02
7.730700046857987007e-02
7.731871869966784605e-02
7.733718795713548366e-02
7.735822600682377981e-02
7.737690730295214425e-02
7.738781117536137899e-02
7.738534560378494687e-02
7.736412145133925167e-02
7.731934313921273727e-02
7.724717666346175848e-02
7.714505573504827629e-02
7.701189202711899995e-02
7.684816555180369602e-02
7.665588472170813128e-02
7.643842072822820688e-02
7.620023526301901440e-02
7.594653220601695065e-02
7.568287110273339002e-02
7.541478221209330091e-02
7.514741965918937672e-02
7.488528165052509011e-02
7.463201625199207545e-02
7.439031968412190832e-02
7.416192316729323941e-02
7.394765548817180956e-02
7.374756254152312063e-02
7.356106245358633167e-02
7.338711528061959977e-02
7.322438906752622156e-02
7.307140838808523498e-02
7.292667646424998151e-02
7.278876678745596629e-02
7.265638426701906405e-02
7.252839896294747957e-02
7.240385734612242441e-02
7.228197683861573020e-02
7.216212934692453618e-02
7.204381885775607008e-02
7.192665718685191389e-02
7.181034086292624463e-02
7.169463106451076650e-02
7.157933758683932002e-02
7.146430707253360881e-02
7.134941518855951459e-02
7.123456206846302818e-02
7.111967015152739768e-02
7.100468349054050998e-02
7.088956766337665971e-02
7.077430956676572515e-02
7.065891656828256207e-02
7.054341471834339738e-02
7.042784595037217266e-02
7.031226439368017112e-02
7.019673207560067629e-02
7.008131438269578350e-02
6.996607567638379876e-02
6.985107542712537532e-02
6.973636515376167855e-02
6.962198634167560130e-02
6.950796939574512001e-02
6.939433357088568843e-02
6.928108772981109165e-02
6.916823172366402817e-02
6.905575815685488505e-02
6.894365431423601920e-02
6.883190404638300786e-02
6.872048946729579499e-02
6.860939236460415758e-02
6.849859527391198577e-02
6.838808221863316994e-02
6.827783914195643955e-02
6.816785408547448855e-02
6.805811717190109189e-02
6.794862045530210282e-02
6.783935769031004814e-02
6.773032406759128821e-02
6.762151594551650546e-02
6.751293060127087908e-02
6.740456601375685586e-02
6.729642068273956890e-02
6.718849348443869940e-02
6.708078356059125891e-02
6.697329023550223359e-02
6.686601295600023975e-02
6.675895124931095770e-02
6.665210469406253335e-02
6.654547290118777159e-02
6.643905550141221417e-02
6.633285213659667612e-02
6.622686245594686105e-02
6.612108611232414557e-02
6.601552276082378601e-02
6.591017205864968531e-02
6.580503366553701328e-02
6.570010724447263029e-02
6.559539246460868722e-02
6.549088900504174138e-02
6.538659656123831099e-02
6.528251485471721349e-02
6.517864364819384027e-02
6.507498276614315236e-02
6.497153212589833193e-02
6.486829178067261836e-02
6.476526197655482764e-02
6.466244323033633334e-02
6.455983642717816329e-02
6.445744294357216853e-02
6.435526479377640108e-02
6.425330479813642914e-02
6.415156676631174337e-02
6.405005568224651780e-02
6.394877787448731421e-02
6.384774114263680467e-02
6.374695481213220327e-02
6.364642967674917495e-02
6.354617779233347197e-02
6.344621208501137477e-02
6.334654574590198317e-02
6.324719140244505766e-02
6.314816007642470863e-02
6.304945996698006760e-02
6.295109513201053997e-02
6.285306416837005417e-02
6.275535902175101433e-02
6.265796406889637127e-02
6.256085562090529795e-02
6.246400197535293547e-02
6.236736410956948001e-02
6.227089705224772564e-02
6.217455190320347880e-02
6.207827839373077083e-02
6.198202781255909150e-02
6.188575606492421194e-02
6.178942659615582061e-02
6.169301290936202858e-02
6.159650043310166412e-02
6.149988755297373239e-02
6.140318570308481161e-02
6.130641850813020599e-02
6.120962006235273339e-02
6.111283251886531070e-02
6.101610322359810740e-02
6.091948166201571757e-02
6.082301649251793674e-02
6.072675290611660032e-02
6.063073050350550192e-02
6.053498181503697700e-02
6.043953150907976218e-02
6.034439627801674311e-02
6.024958532923414822e-02
6.015510137966734172e-02
6.006094204498745731e-02
5.996710152117505632e-02
5.987357250071240894e-02
5.978034831212013234e-02
5.968742534459429289e-02
5.959480589185124633e-02
5.950250163527105729e-02
5.941053806129126952e-02
5.931896017700839102e-02
5.922783993838261901e-02
5.913728581314466048e-02
5.904745486673763921e-02
5.895856764442258813e-02
5.887092591864352686e-02
5.878493305412799824e-02
5.870111631358203297e-02
5.862014987470749727e-02
5.854287671725705300e-02
5.847032689755837787e-02
5.840372918232673155e-02
5.834451268343829322e-02
5.829429517967048974e-02
5.825485538707781547e-02
5.822808769936878986e-02
5.821593991388028522e-02
5.822033719214414482e-02
5.824309879241499482e-02
5.828585763714342477e-02
5.834999604671552847e-02
5.843661333413860404e-02
5.854654170961284820e-02
5.868042537769856126e-02
5.883887327111102239e-02
5.902268829516540277e-02
5.923316540964228966e-02
5.947243802572777654e-02
5.974383831254707899e-02
6.005222384436741112e-02
6.040421273119085666e-02
6.080826425153644521e-02
6.127454412330237549e-02
6.181452446067550732e-02
6.244028873312208738e-02
6.316354106013905012e-02
6.399435486356205849e-02
6.493973482323205093e-02
6.600210366086586844e-02
6.717785621022345777e-02
6.845614225792258367e-02
6.981804223892293382e-02
7.123628313793274602e-02
7.267560520754921816e-02
7.409383543929355664e-02
7.544365587205556500e-02
7.667498099249681065e-02
7.773778740420186906e-02
7.858517980488438637e-02
7.917643843340042842e-02
7.947978063644163538e-02
7.947458597527154445e-02
7.915287942967458301e-02
7.851993598282483444e-02
7.759395418718947890e-02
7.640483603734531115e-02
7.499219477603918937e-02
7.340278117848569872e-02
7.168756473895804282e-02
6.989872468473141975e-02
6.808679631045440328e-02
6.629818384232251394e-02
6.457319794059759865e-02
6.294471193107462059e-02
6.143746442268221974e-02
6.006797493848938657e-02
5.884498979058148949e-02
5.777034153844854553e-02
5.684008842419302487e-02
5.604579928147079837e-02
5.537586184445439375e-02
5.481671434093596251e-02
5.435392743824445094e-02
5.397309204596027060e-02
5.366049480741331285e-02
5.340358503105288590e-02
5.319125303743464650e-02
5.301395014256316679e-02
5.286368523953247078e-02
5.273393315249858687e-02
5.261948687633079963e-02
5.251628071720963742e-02
5.242120535823662636e-02
5.233192985081512594e-02
5.224674011620422664e-02
5.216439904809241912e-02
5.208402990085779505e-02
5.200502227210433703e-02
5.192695852272773138e-02
5.184955773088027742e-02
5.177263406493576997e-02
5.169606658399342192e-02
5.161977781861596531e-02
5.154371889705792326e-02
5.146785943049279194e-02
5.139218076874003255e-02
5.131667158943396118e-02
5.124132506920003188e-02
5.116613709965407014e-02
5.109110518524629524e-02
5.101622777236017314e-02
5.094150384857182301e-02
5.086693270877487572e-02
5.079251381799142900e-02
5.071824673556429852e-02
5.064413107150913390e-02
5.057016646292686324e-02
5.049635256178057474e-02
5.042268902728837265e-02
5.034917552290840703e-02
5.027581171487638390e-02
5.020259727011208706e-02
5.012953185697244934e-02
5.005661514453785266e-02
4.998384680218471293e-02
4.991122650006811490e-02
4.983875390877952338e-02
4.976642869952958154e-02
4.969425054399509434e-02
4.962221911433961630e-02
4.955033408340664414e-02
4.947859512422781575e-02
4.940700191055912710e-02
4.933555411690412201e-02
4.926425141802116825e-02
4.919309348894489869e-02
4.912208000603996566e-02
4.905121064530353070e-02
4.898048508393510608e-02
4.890990299932580082e-02
4.883946406942382690e-02
4.876916797275610005e-02
4.869901438844958380e-02
4.862900299625282086e-02
4.855913347603819236e-02
4.848940550886015471e-02
4.841981877559244779e-02
4.835037295833304744e-02
4.828106773938627833e-02
4.821190280145584012e-02
4.814287782818545136e-02
4.807399250348552699e-02
4.800524651189989889e-02
4.793663953862614679e-02
4.786817126901356939e-02
4.779984138962679180e-02
4.773164958704737698e-02
4.766359554841487212e-02
4.759567896196985337e-02
4.752789951585242867e-02
4.746025689916791301e-02
4.739275080165731430e-02
4.732538091301683597e-02
4.725814692431536818e-02
4.719104852643906528e-02
4.712408541151005131e-02
4.705725727185464113e-02
4.699056380019610291e-02
4.692400469019935433e-02
4.685757963578746077e-02
4.679128833186203124e-02
4.672513047344298981e-02
4.665910575638928387e-02
4.659321387706553963e-02
4.652745453218367494e-02
4.646182741952648021e-02
4.639633223690967090e-02
4.633096868308460986e-02
4.626573645741095114e-02
4.620063525953470307e-02
4.613566479013928023e-02
4.607082475012887202e-02
4.600611484162093340e-02
4.594153476759728350e-02
4.587708423185737905e-02
4.581276294043131608e-02
4.574857060176795026e-02
4.568450692860395734e-02
4.562057163978264218e-02
4.555676446567109850e-02
4.549308515388866825e-02
4.542953348021434856e-02
4.536610926656322457e-02
4.530281240737549925e-02
4.523964291097357787e-02
4.517660096212216397e-02
4.511368701554069327e-02
4.505090193150640410e-02
4.498824717400500689e-02
4.492572508750016652e-02
4.486333928696359385e-02
4.480109518695334081e-02
4.473900071408685314e-02
4.467706724171394833e-02
4.461531079494713420e-02
4.455375356620355082e-02
4.449242577522166675e-02
4.443136789418879184e-02
4.437063322396446463e-02
4.431029077786288739e-02
4.425042836819242931e-02
4.419115573395059060e-02
4.413260746645147198e-02
4.407494541519635378e-02
4.401836017206025436e-02
4.396307117253342445e-02
4.390932490541336886e-02
4.385739072633176860e-02
4.380755381898247813e-02
4.376010496610766021e-02
4.371532698016048629e-02
4.367347790310105449e-02
4.363477140815565786e-02
4.359935520018209942e-02
4.356728858627038209e-02
4.353852073553403368e-02
4.351287141998372299e-02
4.349001617346530402e-02
4.346947779915533855e-02
4.345062594317026378e-02
4.343268604544982259e-02
4.341475837536715177e-02
4.339584710627663461e-02
4.337489852800739676e-02
4.335084664375687957e-02
4.332266360678463379e-02
4.328941184612303261e-02
4.325029436707456681e-02
4.320469965169906196e-02
4.315223786063226985e-02
4.309276561882986745e-02
4.302639752195675654e-02
4.295350352368193514e-02
4.287469247218360369e-02
4.279078311673655682e-02
4.270276482527066847e-02
4.261175091202775572e-02
4.251892785404245978e-02
4.242550371581640251e-02
4.233265884993481221e-02
4.224150143894231380e-02
4.215302975993726747e-02
4.206810230490177355e-02
4.198741614593708149e-02
4.191149329946151914e-02
4.184067436031238540e-02
4.177511839571391994e-02
4.171480799934407235e-02
4.165955848798171685e-02
4.160903042521447298e-02
4.156274492426668271e-02
4.152010144237893580e-02
4.148039797257485617e-02
4.144285363711208703e-02
4.140663365144774816e-02
4.137087646594987678e-02
4.133472263490024778e-02
4.129734464670626465e-02
4.125797662673126587e-02
4.121594255298537818e-02
4.117068147468752604e-02
4.112176819113368825e-02
4.106892800584785452e-02
4.101204446854059965e-02
4.095115946224020531e-02
4.088646551881123387e-02
4.081829082184212226e-02
4.074707789417214565e-02
4.067335742387495623e-02
4.059771902000006150e-02
4.052078084575730377e-02
4.044316007724332862e-02
4.036544595520078632e-02
4.028817688597376157e-02
4.021182263564857667e-02
4.013677218606286068e-02
4.006332736138602107e-02
3.999170189652648255e-02
3.992202527271137419e-02
3.985435039295077975e-02
3.978866403182693134e-02
3.972489897022345867e-02
3.966294678451162681e-02
3.960267041265817800e-02
3.954391580513458987e-02
3.948652219634556787e-02
3.943033075306847518e-02
3.937519156045454077e-02
3.932096909579883837e-02
3.926754647326427539e-02
3.921482885734480645e-02
3.916274650352984804e-02
3.911125793077463442e-02
3.906035372531310723e-02
3.901006146795691493e-02
3.896045222944838349e-02
3.891164902348682314e-02
3.886383750865472775e-02
3.881727912496937133e-02
3.877232669232980738e-02
3.872944230913800273e-02
3.868921716721935439e-02
3.865239262696056055e-02
3.861988161401114922e-02
3.859278910613982150e-02
3.857243020608625006e-02
3.856034409971378918e-02
3.855830209194155422e-02
3.856830797476175354e-02
3.859258922860146768e-02
3.863357803038654226e-02
3.869388174025372579e-02
3.877624344651938587e-02
3.888349417773857147e-02
3.901849947749561759e-02
3.918410399625307794e-02
3.938307844123607737e-02
3.961807346197904200e-02
3.989158465518285318e-02
4.020593174302685563e-02
4.056325308598100754e-02
4.096551407650160515e-02
4.141452484799360706e-02
4.191195943697331033e-02
4.245936549924129305e-02
4.305815141386742234e-02
4.370953667553491989e-02
4.441445230645430647e-02
4.517338100201268025e-02
4.598613191142568446e-02
4.685155221602349540e-02
4.776718646155073134e-02
4.872890412663076487e-02
4.973052510373529578e-02
5.076348038717918426e-02
5.181655009418399682e-02
5.287572191781253483e-02
5.392420948116222190e-02
5.494266157721271193e-02
5.590958023405585842e-02
5.680194885544426198e-02
5.759605278189497413e-02
5.826845537153169108e-02
5.879707515259094408e-02
5.916229579493197110e-02
5.934803230389126827e-02
5.934267518179098255e-02
5.913983980460880280e-02
5.873886069224527190e-02
5.814498860106065425e-02
5.736927076699529365e-02
5.642811895042985221e-02
5.534259382411611805e-02
5.413745535830079281e-02
5.284004524705875755e-02
5.147907765322295992e-02
5.008341793385075180e-02
4.868092556857874648e-02
4.729742799838346917e-02
4.595587779086253433e-02
4.467572818392825940e-02
4.347254346028660288e-02
4.235784259298874116e-02
4.133915870609864568e-02
4.042028429323511057e-02
3.960166353268634865e-02
3.888088864469103900e-02
3.825325683761551104e-02
3.771234743067244238e-02
3.725058439455534304e-02
3.685975691905495066e-02
3.653147875471222938e-02
3.625757516843303163e-02
3.603039370120619811e-02
3.584304105401209251e-02
3.568955304580911231e-02
3.556500758920769223e-02
3.546559205402680104e-02
3.538863638660264682e-02
3.533262217195062144e-02
3.529717570852664021e-02
3.528305043138876135e-02
3.529210092582219654e-02
3.532724761830321331e-02
3.539242825565075412e-02
3.549252976799352477e-02
3.563329226410902328e-02
3.582117597877990806e-02
3.606318216339218785e-02
3.636662032518238330e-02
3.673881698946458024e-02
3.718676522003386276e-02
3.771671941394207778e-02
3.833374605655091166e-02
3.904124780655387345e-02
3.984048490369978407e-02
4.073012377710889809e-02
4.170584718121651824e-02
4.276006244880269785e-02
4.388174391237117944e-02
4.505644176262132983e-02
4.626648236529072589e-02
4.749137450851680098e-02
4.870842266603242487e-02
4.989353300435095395e-02
5.102218168109924623e-02
5.207049937652370730e-02
5.301641244354823868e-02
5.384077101202987270e-02
5.452838904880236842e-02
5.506892167043492964e-02
5.545751131537842576e-02
5.569514658864518908e-02
5.578869501997436170e-02
5.575059237749854096e-02
5.559819498461768955e-02
5.535282575015720852e-02
5.503856737532562132e-02
5.468087554401275530e-02
5.430509917172600398e-02
5.393500280126570234e-02
5.359138725598076858e-02
5.329089860008490165e-02
5.304510277168160426e-02
5.285988492459587490e-02
5.273521000484848037e-02
5.266525610994528261e-02
5.263890667667385503e-02
5.264056339373499732e-02
5.265122076775721749e-02
5.264972692202898874e-02
5.261414464243763245e-02
5.252312251044121555e-02
5.235718832448611748e-02
5.209988554429169361e-02
5.173868733715936835e-02
5.126564074747980149e-02
5.067771400340631560e-02
4.997684138599416126e-02
4.916968070608727925e-02
4.826711674483059877e-02
4.728355873004838617e-02
4.623609013339376878e-02
4.514353429668867268e-02
4.402549959953588887e-02
4.290146344495280456e-02
4.178994603003548247e-02
4.070781368462585842e-02
3.966973869179253598e-02
3.868782912724462453e-02
3.777142950339986566e-02
3.692708179468334045e-02
3.615862745768524261e-02
3.546742473933846979e-02
3.485265201221458137e-02
3.431166696296012592e-02
3.384039283201564774e-02
3.343370609039123670e-02
3.308580437084066711e-02
3.279053857713676301e-02
3.254169835546270872e-02
3.233324507236768480e-02
3.215949079793109511e-02
3.201522530372355457e-02
3.189579568411564370e-02
3.179714488969748870e-02
3.171581631538284568e-02
3.164893174298681611e-02
3.159414957728660933e-02
3.154960959514020030e-02
3.151386951714618689e-02
3.148583774065388113e-02
3.146470565172657108e-02
3.144988212212149886e-02
3.144093213883764060e-02
3.143752100632937058e-02
3.143936519923698492e-02
3.144619068027237202e-02
3.145769930597458464e-02
3.147354376194901743e-02
3.149331128485524656e-02
3.151651618531525062e-02
3.154260088989069288e-02
3.157094486991258303e-02
3.160088041683317001e-02
3.163171382572166346e-02
3.166275016073472753e-02
3.169331948114750136e-02
3.172280222183335163e-02
3.175065140835601346e-02
3.177640955897826497e-02
3.179971849101037584e-02
3.182032081067007190e-02
3.183805256328346711e-02
3.185282732619138663e-02
3.186461285368787782e-02
3.187340215578757241e-02
3.187918153410287947e-02
3.188189853689362557e-02
3.188143296418709249e-02
3.187757394341193817e-02
3.187000568342777257e-02
3.185830383464846594e-02
3.184194350634859255e-02
3.182031896326185244e-02
3.179277398654973413e-02
3.175864089033636484e-02
3.171728537316218649e-02
3.166815379749197273e-02
3.161081921699437219e-02
3.154502251548523678e-02
3.147070538081717800e-02
3.138803248923225514e-02
3.129740113108462479e-02
3.119943750018408166e-02
3.109497990974552026e-02
3.098505016084787678e-02
3.087081513831041457e-02
3.075354133231725934e-02
3.063454536488680741e-02
3.051514372210054407e-02
3.039660474046930114e-02
3.028010553899900328e-02
3.016669603757174065e-02
3.005727155269900114e-02
2.995255475209512158e-02
2.985308706649518820e-02
2.975922903161181896e-02
2.967116852866715296e-02
2.958893552217785328e-02
2.951242167007972830e-02
2.944140310985037326e-02
2.937556477519222276e-02
2.931452476198903589e-02
2.925785749848753767e-02
2.920511475343297997e-02
2.915584382072959266e-02
2.910960249636327865e-02
2.906597073361992523e-02
2.902455907082224576e-02
2.898501408905806986e-02
2.894702127866312369e-02
2.891030574908299774e-02
2.887463124160458139e-02
2.883979789361749979e-02
2.880563915823200830e-02
2.877201823725418495e-02
2.873882431369512158e-02
2.870596881071222836e-02
2.867338184068480775e-02
2.864100895247573969e-02
2.860880823836975742e-02
2.857674782742738659e-02
2.854480376102270373e-02
2.851295823029701207e-02
2.848119814073281006e-02
2.844951396380045530e-02
2.841789883368680408e-02
2.838634784675915859e-02
2.835485752921218516e-02
2.832342543459364856e-02
2.829204984755837385e-02
2.826072956603334005e-02
2.822946374349090404e-02
2.819825177943569711e-02
2.816709323800182727e-02
2.813598779625097954e-02
2.810493520433084494e-02
2.807393526142229825e-02
2.804298779896737329e-02
2.801209266832166769e-02
2.798124973427648307e-02
2.795045886964513809e-02
2.791971995311409369e-02
2.788903286668432263e-02
2.785839749407101329e-02
2.782781372157689531e-02
2.779728143621006814e-02
2.776680052581068092e-02
2.773637088049329957e-02
2.770599239098980524e-02
2.767566495100731369e-02
2.764538845683403925e-02
2.761516280963191225e-02
2.758498791729100535e-02
2.755486369699784374e-02
2.752479007977196371e-02
2.749476701724285280e-02
2.746479448931926984e-02
2.743487251603078311e-02
2.740500117483786816e-02
2.737518062075228881e-02
2.734541111735429644e-02
2.731569307423730927e-02
2.728602709741391116e-02
2.725641405398539913e-02
2.722685515353180999e-02
2.719735205018051008e-02
2.716790696753014836e-02
2.713852284969964571e-02
2.710920354143108585e-02
2.707995399785110072e-02
2.705078052166240768e-02
2.702169103061708225e-02
2.699269534492036368e-02
2.696380548890898315e-02
2.693503599495318535e-02
2.690640419154854968e-02
2.687793045534468683e-02
2.684963839997839968e-02
2.682155497329742275e-02
2.679371042659340479e-02
2.676613812510759971e-02
2.673887415907921783e-02
2.671195672926925113e-02
2.668542527692758029e-02
2.665931934362384889e-02
2.663367715956563644e-02
2.660853397020463904e-02
2.658392013844475613e-02
2.655985907320338596e-02
2.653636506261679642e-02
2.651344111038892587e-02
2.649107688476335168e-02
2.646924691602029964e-02
2.644790917166721725e-02
2.642700414209351104e-02
2.640645456218761525e-02
2.638616586171946971e-02
2.636602741858474347e-02
2.634591463820353668e-02
2.632569184449057992e-02
2.630521591018876795e-02
2.628434051100841246e-02
2.626292083557861187e-02
2.624081854592864166e-02
2.621790675828101005e-02
2.619407479125480248e-02
2.616923244023894660e-02
2.614331354340432290e-02
2.611627864887310427e-02
2.608811662993871378e-02
2.605884516142812149e-02
2.602851002688380197e-02
2.599718330064730576e-02
2.596496050397566202e-02
2.593195689551836686e-02
2.589830310056273621e-02
2.586414030863265143e-02
2.582961529075612425e-02
2.579487547689302690e-02
2.576006432312784658e-02
2.572531716316119738e-02
2.569075770025903982e-02
2.565649524384210761e-02
2.562262275244812579e-02
2.558921568633542448e-02
2.555633163530749222e-02
2.552401064629836180e-02
2.549227615218513723e-02
2.546113637386678008e-02
2.543058607369595714e-02
2.540060852701310837e-02
2.537117759459468075e-02
2.534225978880045790e-02
2.531381625106736075e-02
2.528580457034481505e-02
2.525818040468817000e-02
2.523089887549485877e-02
2.520391573273596253e-02
2.517718829267562644e-02
2.515067617020747340e-02
2.512434182318004638e-02
2.509815093757540930e-02
2.507207268070919814e-02
2.504607984325345552e-02
2.502014889216190238e-02
2.499425995304590045e-02
2.496839673188243347e-02
2.494254638629291379e-02
2.491669935268854899e-02
2.489084913468793750e-02
2.486499205482988265e-02
2.483912697281718748e-02
2.481325497845950426e-02
2.478737906007214692e-02
2.476150375902685594e-02
2.473563481681833112e-02
2.470977882378482676e-02
2.468394288068139972e-02
