6.134569065878030551e-05
1.000931359055425355e-04
1.519799828676664352e-04
2.177726055678822176e-04
2.976703585125372990e-04
3.914107682571268823e-04
4.983910993067357329e-04
6.177832622206735642e-04
7.486305413199515575e-04
8.899225551187469989e-04
1.040649437432771256e-03
1.199838370001691558e-03
1.366576310719280589e-03
1.540023263572046306e-03
1.719424435920681926e-03
1.904155157456303678e-03
2.093962695164006214e-03
2.290131925576008570e-03
2.500364258505103753e-03
2.756465288205993402e-03
3.169500837409486814e-03
4.075876395426503151e-03
6.358781640016176323e-03
1.201104714764682571e-02
2.483754799650270476e-02
5.080906733765262751e-02
9.714125188955556600e-02
1.692355011389539976e-01
2.658147143902785392e-01
3.747135132341469776e-01
4.731431765903124642e-01
5.346718254003370863e-01
5.405803990207729282e-01
4.890620565027394839e-01
3.961520897698700416e-01
2.877439675684862475e-01
1.880695340640750612e-01
1.115404098779262942e-01
6.126721949695907582e-02
3.272608040982739885e-02
1.879532635958229905e-02
1.332577554925742924e-02
1.253929129066826131e-02
1.493497029769472878e-02
2.056472778160945217e-02
3.012416265162751877e-02
4.397756521143349195e-02
6.126043193399390713e-02
7.941799400491206251e-02
9.458682068077733929e-02
1.028724528008648637e-01
1.019710744441159889e-01
9.221852388601597950e-02
7.641893536779650886e-02
5.857022167671857571e-02
4.226926277657573616e-02
2.964732037414812005e-02
2.119743460885557471e-02
1.627548062605355464e-02
1.379606430258191463e-02
1.275340112829002198e-02
1.245610349389721268e-02
1.255385552565420684e-02
1.298386549273153681e-02
1.392198108712143848e-02
1.575322851662807472e-02
1.901820254734286342e-02
2.426811889811722467e-02
3.179526276379812666e-02
4.130243629580138132e-02
5.168719335784392743e-02
6.114533400334548618e-02
6.766787390852105344e-02
6.976137422542366684e-02
6.703449178746748172e-02
6.032973511582422066e-02
5.133813023287331356e-02
4.193052655744969326e-02
3.356099238973229981e-02
2.698622019512542103e-02
2.232049340608580068e-02
1.927912467127246635e-02
1.743541716304621361e-02
1.638959617568900781e-02
1.583705801533380475e-02
1.557162119147260416e-02
1.546345173740031054e-02
1.543497114047317868e-02
1.544276544540387243e-02
1.546689936285532835e-02
1.551006076787451310e-02
1.561636258061062377e-02
1.593546451426901961e-02
1.688398062509735911e-02
1.948395242229752564e-02
2.595075569636050988e-02
4.048873248920580037e-02
6.996524974206970449e-02
1.237242574128350342e-01
2.115694815726638645e-01
3.394008197520432257e-01
5.034258581836145163e-01
6.857685660207608613e-01
8.551611019590655838e-01
9.747270708155321151e-01
1.014805900950571438e+00
9.648503278548827833e-01
8.379070256334125721e-01
6.650920263791321174e-01
4.832424906433430700e-01
3.224067300684043680e-01
1.988255065490776852e-01
1.149533660394924661e-01
6.418633978209647983e-02
3.659964248180847673e-02
2.306442506451117369e-02
1.702142210773874634e-02
1.452551116143659983e-02
1.352954403846291613e-02
1.310209016408768988e-02
1.286793431686857059e-02
1.269245028368555170e-02
1.253251609154728760e-02
1.237591398138298236e-02
1.221988045608310251e-02
1.206462978969121552e-02
1.191210629879652094e-02
1.176669859601893638e-02
1.163693669578287626e-02
1.153753461278337819e-02
1.149057766646957232e-02
1.152390656742849004e-02
1.166476070621052553e-02
1.192846560319462887e-02
1.230540550965567546e-02
1.275290065378292814e-02
1.319878999102771198e-02
1.355857599354344523e-02
1.375991644385354644e-02
1.376273668181703450e-02
1.356528655081331268e-02
1.319534033814766250e-02
1.269468037583519615e-02
1.210702448154243882e-02
1.147386886840286516e-02
1.083518068135353070e-02
1.022903655279690238e-02
9.687432773137650416e-03
9.230437616309258159e-03
8.862902091355366607e-03
8.576044011727261204e-03
8.352860039703228698e-03
8.174399809495915339e-03
8.024335338402610249e-03
7.890914070870422986e-03
7.766829653709139171e-03
7.648087424341975214e-03
7.532744505816821659e-03
7.419952658224185718e-03
7.309375587143464824e-03
7.200888806550198931e-03
7.094445394976022813e-03
6.990023106690407100e-03
6.887605884986883024e-03
6.787178139636359381e-03
6.688723223153108556e-03
6.592223138238511269e-03
6.497658566021408469e-03
6.405008965959487974e-03
6.314252686329116168e-03
6.225367071934236225e-03
6.138328566518512844e-03
6.053112809590744520e-03
5.969694727786300191e-03
5.888048620957280280e-03
5.808148243193994413e-03
5.729966878980644746e-03
5.653477414685983971e-03
5.578652405587323192e-03
5.505464138622755479e-03
5.433884691062648015e-03
5.363885985287319275e-03
5.295439839853190341e-03
5.228518017024939325e-03
5.163092266946035791e-03
5.099134368614742854e-03
5.036616167827592805e-03
4.975509612246501248e-03
4.915786783740523115e-03
4.857419928147548374e-03
4.800381482595800393e-03
4.744644100519565012e-03
4.690180674498077573e-03
4.636964357041206859e-03
4.584968579440454849e-03
4.534167068798345031e-03
4.484533863344549245e-03
4.436043326142023735e-03
4.388670157281766501e-03
4.342389404659962107e-03
4.297176473427085502e-03
4.253007134193851832e-03
4.209857530075021212e-03
4.167704182647685544e-03
4.126523996897006781e-03
4.086294265218427813e-03
4.046992670541895570e-03
4.008597288640089289e-03
3.971086589679203444e-03
3.934439439067940504e-03
3.898635097656928238e-03
3.863653221338200251e-03
3.829473860091310144e-03
3.796077456520151674e-03
3.763444843921944817e-03
3.731557243927456288e-03
3.700396263749126599e-03
3.669943893071731314e-03
3.640182500617933446e-03
3.611094830419249013e-03
3.582663997820999691e-03
3.554873485247934776e-03
3.527707137755805612e-03
3.501149158392100925e-03
3.475184103388164435e-03
3.449796877202955005e-03
3.424972727437757252e-03
3.400697239639613977e-03
3.376956332010087793e-03
3.353736250034868634e-03
3.331023561048548996e-03
3.308805148747991087e-03
3.287068207666591149e-03
3.265800237620933473e-03
3.244989038140485768e-03
3.224622702890056394e-03
3.204689614094096469e-03
3.185178436971164428e-03
3.166078114186145469e-03
3.147377860327331325e-03
3.129067156414642656e-03
3.111135744444971929e-03
3.093573621979929435e-03
3.076371036780808921e-03
3.059518481495239299e-03
3.043006688399356192e-03
3.026826624199207769e-03
3.010969484894412008e-03
2.995426690707012670e-03
2.980189881077978647e-03
2.965250909733535903e-03
2.950601839823322175e-03
2.936234939131910065e-03
2.922142675365161334e-03
2.908317711512582900e-03
2.894752901286655553e-03
2.881441284639858335e-03
2.868376083360023483e-03
2.855550696744416604e-03
2.842958697352815280e-03
2.830593826839680228e-03
2.818449991865429848e-03
2.806521260086684150e-03
2.794801856225217433e-03
2.783286158215350376e-03
2.771968693429498806e-03
2.760844134982801557e-03
2.749907298123437181e-03
2.739153136745320176e-03
2.728576740200116396e-03
2.718173331198286621e-03
2.707938268080324010e-03
2.697867064151669714e-03
2.687955469760485838e-03
2.678199769740353953e-03
2.668597768556314927e-03
2.659151813028358836e-03
2.649877400628629798e-03
2.640825902896673950e-03
2.632140011238717683e-03
2.624178294906211444e-03
2.617771376363316020e-03
2.614700312367116732e-03
2.618497215252756170e-03
2.635619136945076442e-03
2.676887063403002656e-03
2.758780589507511555e-03
2.903780845573796215e-03
3.138639309498148389e-03
3.489528740929477048e-03
3.973816381109688753e-03
4.589746315328045376e-03
5.307178335969523972e-03
6.063735063777456191e-03
6.770172627637935196e-03
7.326042129432615291e-03
7.642501053650630274e-03
7.665375095548217221e-03
7.390396227297578793e-03
6.864977719327766160e-03
6.176022222856633083e-03
5.428616617924065038e-03
4.723413160184975618e-03
4.139774653778732251e-03
3.728128394859637866e-03
3.510586012852123447e-03
3.485961808335209626e-03
3.634978403122207137e-03
3.923333124965610111e-03
4.303022655130639071e-03
4.714291749973337567e-03
5.090754484899363136e-03
5.368596631227150195e-03
5.498230840056337644e-03
5.454758657532034552e-03
5.243268446452471060e-03
4.896649715886510976e-03
4.466447165587896818e-03
4.009894940561731756e-03
3.577421024694289915e-03
3.204196958632384712e-03
2.907303102438782254e-03
2.687884268651696135e-03
2.536246213445312887e-03
2.437563240264198090e-03
2.376491236693028999e-03
2.339957725117604997e-03
2.318230515712823691e-03
2.304806518909198118e-03
2.295728457770644226e-03
2.288783708946401547e-03
2.282828758972898185e-03
2.277314971164037544e-03
2.271997098511694454e-03
2.266772605460411639e-03
2.261601148470643568e-03
2.256467578858644459e-03
2.251366264905973330e-03
2.246294938988830942e-03
2.241252454110707372e-03
2.236238021912393108e-03
2.231250970955615982e-03
2.226290674814856898e-03
2.221356531796277005e-03
2.216447959309251689e-03
2.211564392131030836e-03
2.206705281646526625e-03
2.201870095324411861e-03
2.197058316254345191e-03
2.192269442706402515e-03
2.187502987704298147e-03
2.182758478610590316e-03
2.178035456723196629e-03
2.173333476882939770e-03
2.168652107091783004e-03
2.163990928141437588e-03
2.159349533252198118e-03
2.154727527721520940e-03
2.150124528582287101e-03
2.145540164270354731e-03
2.140974074301232617e-03
2.136425908955537963e-03
2.131895328973154244e-03
2.127382005255661502e-03
2.122885618576984476e-03
2.118405859301935017e-03
2.113942427112477495e-03
2.109495030741518999e-03
2.105063387713964999e-03
2.100647224094914257e-03
2.096246274244757939e-03
2.091860280581006853e-03
2.087488993346665097e-03
2.083132170384977087e-03
2.078789576920351059e-03
2.074460985345362354e-03
2.070146175013554569e-03
2.065844932037998270e-03
2.061557049095388665e-03
2.057282325235551719e-03
2.053020565696176553e-03
2.048771581722706476e-03
2.044535190393160975e-03
2.040311214447852219e-03
2.036099482123733713e-03
2.031899826993410589e-03
2.027712087808552187e-03
2.023536108347666167e-03
2.019371737268062413e-03
2.015218827961979403e-03
2.011077238416618482e-03
2.006946831078142406e-03
2.002827472719392703e-03
1.998719034311327147e-03
1.994621390897998673e-03
1.990534421475024119e-03
1.986458008871442183e-03
1.982392039634881670e-03
1.978336403919860910e-03
1.974290995379305094e-03
1.970255711059003961e-03
1.966230451295066222e-03
1.962215119614236711e-03
1.958209622636986492e-03
1.954213869983327783e-03
1.950227774181278453e-03
1.946251250577848155e-03
1.942284217252613536e-03
1.938326594933622747e-03
1.934378306915727694e-03
1.930439278981180328e-03
1.926509439322517461e-03
1.922588718467540918e-03
1.918677049206494924e-03
1.914774366521240388e-03
1.910880607516484602e-03
1.906995711352900934e-03
1.903119619182201379e-03
1.899252274084010841e-03
1.895393621004551376e-03
1.891543606697069840e-03
1.887702179663964261e-03
1.883869290100544103e-03
1.880044889840405990e-03
1.876228932302377844e-03
1.872421372438987184e-03
1.868622166686370991e-03
1.864831272915650753e-03
1.861048650385698335e-03
1.857274259697277259e-03
1.853508062748466384e-03
1.849750022691406745e-03
1.846000103890275707e-03
1.842258271880486053e-03
1.838524493329074441e-03
1.834798735996231306e-03
1.831080968697939041e-03
1.827371161269728417e-03
1.823669284531478441e-03
1.819975310253197200e-03
1.816289211121907728e-03
1.812610960709433753e-03
1.808940533441100304e-03
1.805277904565469067e-03
1.801623050124852212e-03
1.797975946926764265e-03
1.794336572516205992e-03
1.790704905148759064e-03
1.787080923764493420e-03
1.783464607962638145e-03
1.779855937977068087e-03
1.776254894652402622e-03
1.772661459420954216e-03
1.769075614280317312e-03
1.765497341771593651e-03
1.761926624958359182e-03
1.758363447406186735e-03
1.754807793162861500e-03
1.751259646739149016e-03
1.747718993090188961e-03
1.744185817597428438e-03
1.740660106051161336e-03
1.737141844633569672e-03
1.733631019902485276e-03
1.730127618776026652e-03
1.726631628519732743e-03
1.723143036741238421e-03
1.719661831411818664e-03
1.716188000980578034e-03
1.712721534798857274e-03
1.709262424539848392e-03
1.705810668673416429e-03
1.702366285906188994e-03
1.698929353747131044e-03
1.695500114267806981e-03
1.692079251180149142e-03
1.688668582832141864e-03
1.685272715338929613e-03
1.681902799510109469e-03
1.678584653349889273e-03
1.675375438612599363e-03
1.672396102245714755e-03
1.669890996070978132e-03
1.668330974670599858e-03
1.668580220253978704e-03
1.672146759572834974e-03
1.681527010098979964e-03
1.700629684058559739e-03
1.735219590137548722e-03
1.793258894315585394e-03
1.884954880839042430e-03
2.022275973384828496e-03
2.217709870674165577e-03
2.482146784902303487e-03
2.821993689524155725e-03
3.235935476772881271e-03
3.712073621093588648e-03
4.226365863554818088e-03
4.743232264262858128e-03
5.218812999818778740e-03
5.606704783695126704e-03
5.865239416337129225e-03
5.964759762189668184e-03
5.893144517141365654e-03
5.658160122692933690e-03
5.286009275273656667e-03
4.816451111525133118e-03
4.295750692149563447e-03
3.769185999561795730e-03
3.274773501716553206e-03
2.839344530601374192e-03
2.477342717780661296e-03
2.191991318392891817e-03
1.978008213121598344e-03
1.824907587792985036e-03
1.720074682548006434e-03
1.651108828750213510e-03
1.607262507331469513e-03
1.580060494191178966e-03
1.563321770393671928e-03
1.552836905620470472e-03
1.545912231283770328e-03
1.540921170205912733e-03
1.536934085514839133e-03
1.533447190329499405e-03
1.530201803430847806e-03
1.527073476068400949e-03
1.524009787928749370e-03
1.521000219798430758e-03
1.518067733311579759e-03
1.515277671803160180e-03
1.512764669328524889e-03
1.510782141495892270e-03
1.509781112750190665e-03
1.510524471431723371e-03
1.514237475261712021e-03
1.522783589628431142e-03
1.538835695970171150e-03
1.565988189356769559e-03
1.608731561097961893e-03
1.672198522846459878e-03
1.761603269296076581e-03
1.881344879632906083e-03
2.033834840003791774e-03
2.218224000391846255e-03
2.429314257967317772e-03
2.657000357350933206e-03
2.886554847670406466e-03
3.099923874540415868e-03
3.277961369504700084e-03
3.403255169104042396e-03
3.462978970637543667e-03
3.451123385600583099e-03
3.369563032792673423e-03
3.227687312423117242e-03
3.040681431782332484e-03
2.826878559813344668e-03
2.604809322227493416e-03
2.390594384696456340e-03
2.196168846901655654e-03
2.028560118209262256e-03
1.890157636003514125e-03
1.779697706049301930e-03
1.693587762222526069e-03
1.627213768180111719e-03
1.575978277254686671e-03
1.535954256334606501e-03
1.504164491372016318e-03
1.478578914906544329e-03
1.457954290542749168e-03
1.441630842913467492e-03
1.429365545723942964e-03
1.421239125348527704e-03
1.417635820339783071e-03
1.419267648871095190e-03
1.427199541154387016e-03
1.442827139932521992e-03
1.467764470560444651e-03
1.503614220245269193e-03
1.551619421757020542e-03
1.612230350730397719e-03
1.684658805496955496e-03
1.766523381517242372e-03
1.853700958797701399e-03
1.940480365655552347e-03
2.020060582009167160e-03
2.085356136458888475e-03
2.129986630353385320e-03
2.149262464240066402e-03
2.140959415478278956e-03
2.105713396545298276e-03
2.046958602021288921e-03
1.970456146748802984e-03
1.883587138459067497e-03
1.794689018874670410e-03
1.712786414528828793e-03
1.648114473716071580e-03
1.613870822828256807e-03
1.629673026354639927e-03
1.727226328994345981e-03
1.958661857058143201e-03
2.407779785926163207e-03
3.203886138144265532e-03
4.536925851825798946e-03
6.671168629590488140e-03
9.952974952146302623e-03
1.480660759745344550e-02
2.171138129911145964e-02
3.115451999657628188e-02
4.355762369782957555e-02
5.918078414687426986e-02
7.801634321777184411e-02
9.969218642832519683e-02
1.234096132132991019e-01
1.479404651885938560e-01
1.717005773207773978e-01
1.929020420108473466e-01
2.097680690551951277e-01
2.207763035840278887e-01
2.248849418952673651e-01
2.216952185325950786e-01
2.115151711703933124e-01
1.953105623081277942e-01
1.745537866592796195e-01
1.510035039250608169e-01
1.264606231503274392e-01
1.025471499595659586e-01
8.054412687709787411e-02
6.130748733421533675e-02
4.526167856632763026e-02
3.245551736503032858e-02
2.265609813215908180e-02
1.545530886033439841e-02
1.036809904139749869e-02
6.909381565742406944e-03
4.644569104932324416e-03
3.215223906133705956e-03
2.345202118569144744e-03
1.834042382350355290e-03
1.543841976648170113e-03
1.384344853576638650e-03
1.299189205955404930e-03
1.254721267377501091e-03
1.231694797783435425e-03
1.219553921064746782e-03
1.212740346908336821e-03
1.208441745513004180e-03
1.205289805045874811e-03
1.202643962826143885e-03
1.200215547225361298e-03
1.197879308504499075e-03
1.195583010681611474e-03
1.193305988499395159e-03
1.191041211405326075e-03
1.188788510070864319e-03
1.186553685485782850e-03
1.184352223356725537e-03
1.182219204734329728e-03
1.180230044108083066e-03
1.178540899565793656e-03
1.177463813387022787e-03
1.177600415812873934e-03
1.180069288986877567e-03
1.186874488673698817e-03
1.201472759135588462e-03
1.229598197815905515e-03
1.280385893776209280e-03
1.367788667853365699e-03
1.512192942483754328e-03
1.742007323637528513e-03
2.094831477496944018e-03
2.617645607380587706e-03
3.365348706299849980e-03
4.396991010211358936e-03
5.769266168681791082e-03
7.527294329035728697e-03
9.693416489448013207e-03
1.225552124911999212e-02
1.515713622981394205e-02
1.829188473868381681e-02
2.150470221852276986e-02
2.460130911961235997e-02
2.736592092144195937e-02
2.958533334355413144e-02
3.107580929823161239e-02
3.170811445146314023e-02
3.142598112876932720e-02
3.025434397189958810e-02
2.829567630827063696e-02
2.571517343423723387e-02
2.271775275376496095e-02
1.952130650462507652e-02
1.633102032563620021e-02
1.331885273318606303e-02
1.061074886018092966e-02
8.282310072961479933e-03
6.361951910249239069e-03
4.839422919825001231e-03
3.677085874738100606e-03
2.821530483571285490e-03
2.213695019679268964e-03
1.796468169423153958e-03
1.519493687141841923e-03
1.341460500859916090e-03
1.230474540657472199e-03
1.163197117128162133e-03
1.123363669205104361e-03
1.100142977268033775e-03
1.086625256570983560e-03
1.078579683315447277e-03
1.073516336201427428e-03
1.070025312217958791e-03
1.067338241852347318e-03
1.065052818975550280e-03
1.062968607794609853e-03
1.060994585537970757e-03
1.059101066780349055e-03
1.057298755693149468e-03
1.055635182863367541e-03
1.054203986597810911e-03
1.053165918989791170e-03
1.052782549003921254e-03
1.053464643315364354e-03
1.055837133270104162e-03
1.060821218630503011e-03
1.069731194073099152e-03
1.084378723723486079e-03
1.107170492507662894e-03
1.141176911165162674e-03
1.190141119065706975e-03
1.258391157104386338e-03
1.350617001987576256e-03
1.471481697018955318e-03
1.625055046368127469e-03
1.814090273528017917e-03
2.039206288848352793e-03
2.298084001567962491e-03
2.584823497240583325e-03
2.889626579179421610e-03
3.198953983847255874e-03
3.496251955312302054e-03
3.763251819385134405e-03
3.981733179706469644e-03
4.135530581590775648e-03
4.212483490645690248e-03
4.206005006571470438e-03
4.115988726744472005e-03
3.948881102520285236e-03
3.716896385305621525e-03
3.436508516079071849e-03
3.126482123191694565e-03
2.805774218304648692e-03
2.491636368341309908e-03
2.198180195630002748e-03
1.935559092775775234e-03
1.709796527065918659e-03
1.523185957172718940e-03
1.375120292815753924e-03
1.263188223886592366e-03
1.184395886614610267e-03
1.136420720414154512e-03
1.118860568865996793e-03
1.134485470272698785e-03
1.190515971303743661e-03
1.299929757733464530e-03
1.482734876613389825e-03
1.767048636895778967e-03
2.189702658376910249e-03
2.795984102887402647e-03
3.638058702310917759e-03
4.771645864386385959e-03
6.250668301402483723e-03
8.119897934890074262e-03
1.040605195168576441e-02
1.310829859317510192e-02
1.618960708548709132e-02
1.957068544375239680e-02
2.312826000854121059e-02
2.669907021142695763e-02
3.009017265334982399e-02
3.309506861661706822e-02
3.551398977096651560e-02
3.717566353896169240e-02
3.795729620780319280e-02
3.779954479461858363e-02
3.671394504379894147e-02
3.478150514703667873e-02
3.214270271784075428e-02
2.898059944262285428e-02
2.549989015619510274e-02
2.190520650602609948e-02
1.838182983568772619e-02
1.508122624855337719e-02
1.211271692202436218e-02
9.541412864125521989e-03
7.391529959370955055e-03
5.653532133181198016e-03
4.293293847972318340e-03
3.261590308141940758e-03
2.502604465683932675e-03
1.960644261381084847e-03
1.584762021225687633e-03
1.331368551095749421e-03
1.165192887268222443e-03
1.059053586948016136e-03
9.929070338825366545e-04
9.525638621483767995e-04
9.283571361137859211e-04
9.139371204398955527e-04
9.052767473897228075e-04
8.999072089613434832e-04
8.963641203790043708e-04
8.938064257538826975e-04
8.917661005309884814e-04
8.899906839927310609e-04
8.883481445995281651e-04
8.867715931160066777e-04
8.852283675688761089e-04
8.837034566685196286e-04
8.821911165427200789e-04
8.806911477322736407e-04
8.792079834963891600e-04
8.777518115408652899e-04
8.763416500301987122e-04
8.750107836804100212e-04
8.738153182157068315e-04
8.728468430184887139e-04
8.722502507463689592e-04
8.722475433210720918e-04
8.731678145285277394e-04
8.754823982897278227e-04
8.798423221959384777e-04
8.871127538745030927e-04
8.983963327699287819e-04
9.150346763432350063e-04
9.385757494896395997e-04
9.706951859006920187e-04
1.013063021193900178e-03
1.067154269410818587e-03
1.134012274531478711e-03
1.213986726077820712e-03
1.306481474960247092e-03
1.409757774052850660e-03
1.520842942796226619e-03
1.635589913074695723e-03
1.748918339498243884e-03
1.855243844844011065e-03
1.949071833651152153e-03
2.025701396052183648e-03
2.081959196395948529e-03
2.116868247264872254e-03
2.132155328258531629e-03
2.132513761906266320e-03
2.125562633875457009e-03
2.121474746887938578e-03
2.132278688509885861e-03
2.170871647269154939e-03
2.249807414028246084e-03
2.379948667660770640e-03
2.569095161026507639e-03
2.820719670525163782e-03
3.132958773472487371e-03
3.498009831705437868e-03
3.902071295398061926e-03
4.325923773953578924e-03
4.746181724013092892e-03
5.137154726588626617e-03
5.473156024732827619e-03
5.731003714444158487e-03
5.892398523502914709e-03
5.945849809326632200e-03
5.887867443147220929e-03
5.723237988152503342e-03
5.464342267623103003e-03
5.129621590576880809e-03
4.741431649799981128e-03
4.323610412286160373e-03
3.899113320539386758e-03
3.488033536925756652e-03
3.106237864872998279e-03
2.764731196016052221e-03
2.469738751111208788e-03
2.223388923763994305e-03
2.024806405301710251e-03
1.871392557512152046e-03
1.760075865522156818e-03
1.688351228627703185e-03
1.654980996656542575e-03
1.660291246674423663e-03
1.706054580524433680e-03
1.795000170811458014e-03
1.930030844025844121e-03
2.113255885911848736e-03
2.344967835996517556e-03
2.622701862685366571e-03
2.940515952816936344e-03
3.288616499713724675e-03
3.653424337685611412e-03
4.018129978314438633e-03
4.363726202566021312e-03
4.670437848140171315e-03
4.919402936391903923e-03
5.094408518077530451e-03
5.183460294259257563e-03
5.179974831209977967e-03
5.083428352659973351e-03
4.899370613879586167e-03
4.638803656661198878e-03
4.317016769437067789e-03
3.952043923029238681e-03
3.562955061893897154e-03
3.168201107086767668e-03
2.784205280772148253e-03
2.424338329790872836e-03
2.098345063299939667e-03
1.812218492306308555e-03
1.568458238834840365e-03
1.366610153917012689e-03
1.203967441996005132e-03
1.076318298858067353e-03
9.786457793562644124e-04
9.057152051098556114e-04
8.525158565248770444e-04
8.145513796604205619e-04
7.879938672110148746e-04
7.697287769643467153e-04
7.573223765435858597e-04
7.489420284767969293e-04
7.432545630890415901e-04
7.393213066273742395e-04
7.365016446919630914e-04
7.343713161696198291e-04
7.326574043933301852e-04
7.311892535840615543e-04
7.298630666794030759e-04
7.286174025133439246e-04
7.274168491032439229e-04
7.262415252447599863e-04
7.250805538239915669e-04
7.239281331956621667e-04
7.227812448647510110e-04
7.216383556668995013e-04
7.204987042489300860e-04
7.193619198785603268e-04
7.182278244412540827e-04
7.170963323915670361e-04
7.159674015554489106e-04
7.148410095775939487e-04
7.137171429406586557e-04
7.125957919779841738e-04
7.114769486665005558e-04
7.103606056746076310e-04
7.092467559618948272e-04
7.081353926150115016e-04
7.070265087820553620e-04
7.059200976474784995e-04
7.048161524231096519e-04
7.037146663467900611e-04
7.026156326867851994e-04
7.015190447544010889e-04
7.004248959350411639e-04
6.993331797582779319e-04
6.982438900539413322e-04
6.971570212905044139e-04
6.960725692922072874e-04
6.949905327239952729e-04
6.939109160939932550e-04
6.928337356831133992e-04
6.917590309749597002e-04
6.906868861566418070e-04
6.896174695703606843e-04
6.885511042910575892e-04
6.874883911635498897e-04
6.864304176802833984e-04
6.853791030579485261e-04
6.843377525055554036e-04
6.833119218695375523e-04
6.823107258941245312e-04
6.813487549688539494e-04
6.804487885544806660e-04
6.796454961761756557e-04
6.789902821357046399e-04
6.785573378589865442e-04
6.784507959196232159e-04
6.788126175714218362e-04
6.798304895873995670e-04
6.817445769750980940e-04
6.848515266321231025e-04
6.895037285859301418e-04
6.961016326703211568e-04
7.050770230900185297e-04
7.168656964181489670e-04
7.318690506840745680e-04
7.504056703890281399e-04
7.726559623295924453e-04
7.986050042648989555e-04
8.279906381735134026e-04
8.602650299821310671e-04
8.945780037440508991e-04
9.297891391747694582e-04
9.645128217880853325e-04
9.971963749483224969e-04
1.026226610122920376e-03
1.050055376338559750e-03
1.067330852667132662e-03
1.077019217062396509e-03
1.078501490436727410e-03
1.071632941167518366e-03
1.056757119923644331e-03
1.034672631718279619e-03
1.006557115301699983e-03
9.738584950183680651e-04
9.381674630072329817e-04
9.010867556479822821e-04
8.641119775559650846e-04
8.285358228352083165e-04
7.953832234322619340e-04
7.653800796767393482e-04
7.389536539286897191e-04
7.162591181309235690e-04
6.972245446061839120e-04
6.816059105153774540e-04
6.690442710571535426e-04
6.591187798515385846e-04
6.513912532404485473e-04
6.454400654736239728e-04
6.408829940196359787e-04
6.373900076937744855e-04
6.346878344009109852e-04
6.325584954304676712e-04
6.308339530058142608e-04
6.293887196954494343e-04
6.281318514985498183e-04
6.269992957027249389e-04
6.259471611102490184e-04
6.249461596308521867e-04
6.239772450134414535e-04
6.230283386875913989e-04
6.220919665530478485e-04
6.211636134582197580e-04
6.202406150470747776e-04
6.193214346100903633e-04
6.184052051047094064e-04
6.174914473297685646e-04
6.165799012457113268e-04
6.156704276977229603e-04
6.147629526399420088e-04
6.138574362819272396e-04
6.129538564452199304e-04
6.120521998040705063e-04
6.111524573863884270e-04
6.102546223175823016e-04
6.093586887155743193e-04
6.084646511620531726e-04
6.075725044553262691e-04
6.066822434975606458e-04
6.057938632440644251e-04
6.049073586813375749e-04
6.040227248176607095e-04
6.031399566791195363e-04
6.022590493078949607e-04
6.013799977615429592e-04
6.005027971129251905e-04
5.996274424497494019e-04
5.987539288747074483e-04
5.978822515054091563e-04
5.970124054741382698e-04
5.961443859281116827e-04
5.952781880291269654e-04
5.944138069537053702e-04
5.935512378930590891e-04
5.926904760528400439e-04
5.918315166533790611e-04
5.909743549294541780e-04
5.901189861302599598e-04
5.892654055193901523e-04
5.884136083748679313e-04
5.875635899889892350e-04
5.867153456682626996e-04
5.858688707335342341e-04
5.850241605197672523e-04
5.841812103760313972e-04
5.833400156655866751e-04
5.825005717656263913e-04
5.816628740674472612e-04
5.808269179762515439e-04
5.799926989112069980e-04
5.791602123052897811e-04
5.783294536053396355e-04
5.775004182720340842e-04
5.766731017797204883e-04
5.758474996164763280e-04
5.750236072840710392e-04
5.742014202978270188e-04
5.733809341866657030e-04
5.725621444931040978e-04
5.717450467730306749e-04
5.709296365958549911e-04
5.701159095444212777e-04
5.693038612148406058e-04
5.684934872166060287e-04
5.676847831724697417e-04
5.668777447184700788e-04
5.660723675037165155e-04
5.652686471905966426e-04
5.644665794545639884e-04
5.636661599841178523e-04
5.628673844808415767e-04
5.620702486592013200e-04
5.612747482467454405e-04
5.604808789838119790e-04
5.596886366236857599e-04
5.588980169324211239e-04
5.581090156888397595e-04
5.573216286845858892e-04
5.565358517239183192e-04
5.557516806238153905e-04
5.549691112138604868e-04
5.541881393362117856e-04
5.534087608455373142e-04
5.526309716090557159e-04
5.518547675064058204e-04
5.510801444296913130e-04
5.503070982833986602e-04
5.495356249842843531e-04
5.487657204614823517e-04
5.479973806563230229e-04
5.472306015224486083e-04
5.464653790256115626e-04
5.457017091437697462e-04
5.449395878669375647e-04
5.441790111971681878e-04
5.434199751486674989e-04
5.426624757475460295e-04
5.419065090318229711e-04
5.411520710515575804e-04
5.403991578685994873e-04
5.396477655566333641e-04
5.388978902011917196e-04
5.381495278995432254e-04
5.374026747606620337e-04
5.366573269052652903e-04
5.359134804656463845e-04
5.351711315858136185e-04
5.344302764212366125e-04
5.336909111389889857e-04
5.329530319176463329e-04
5.322166349472214975e-04
5.314817164291886411e-04
5.307482725763533558e-04
5.300162996129569645e-04
5.292857937744829908e-04
5.285567513077440039e-04
5.278291684707917377e-04
5.271030415328451001e-04
5.263783667743512137e-04
5.256551404868740679e-04
5.249333589730457300e-04
5.242130185466029914e-04
5.234941155323278444e-04
5.227766462658989472e-04
5.220606070941043435e-04
5.213459943745102397e-04
5.206328044756588710e-04
5.199210337768678161e-04
5.192106786684111668e-04
5.185017355511835346e-04
5.177942008368931464e-04
5.170880709480247649e-04
5.163833423176527725e-04
5.156800113894896348e-04
5.149780746179508442e-04
5.142775284679462116e-04
5.135783694149308231e-04
5.128805939448760924e-04
5.121841985542846141e-04
5.114891797500246062e-04
5.107955340493540875e-04
5.101032579799877733e-04
5.094123480799374803e-04
5.087228008974395942e-04
5.080346129911272402e-04
5.073477809298495471e-04
5.066623012925308093e-04
5.059781706684710273e-04
5.052953856569206842e-04
5.046139428673692513e-04
5.039338389193040620e-04
5.032550704422624616e-04
5.025776340758281212e-04
5.019015264695191481e-04
5.012267442828232137e-04
5.005532841850727620e-04
4.998811428556178315e-04
4.992103169835385244e-04
4.985408032677291412e-04
4.978725984169028425e-04
4.972056991495598819e-04
4.965401021938554418e-04
4.958758042876583970e-04
4.952128021784805165e-04
4.945510926234737530e-04
4.938906723893986923e-04
4.932315382525597185e-04
4.925736869987606698e-04
4.919171154233308594e-04
4.912618203311448078e-04
4.906077985364095230e-04
4.899550468627482001e-04
4.893035621432307962e-04
4.886533412202429504e-04
4.880043809454280871e-04
4.873566781798547090e-04
4.867102297936877204e-04
4.860650326664493954e-04
4.854210836867837802e-04
4.847783797524733360e-04
4.841369177705533221e-04
4.834966946570615079e-04
4.828577073371928888e-04
4.822199527450887540e-04
4.815834278240098344e-04
4.809481295261648355e-04
4.803140548127184605e-04
4.796812006537389352e-04
4.790495640283003566e-04
4.784191419242377714e-04
4.777899313382647580e-04
4.771619292759285403e-04
4.765351327515857018e-04
4.759095387882694792e-04
4.752851444178403579e-04
4.746619466807621844e-04
4.740399426262968891e-04
4.734191293122197203e-04
4.727995038050016616e-04
4.721810631797012823e-04
4.715638045199012037e-04
4.709477249177721750e-04
4.703328214739237786e-04
4.697190912974851494e-04
4.691065315060242557e-04
4.684951392255949534e-04
4.678849115905134781e-04
4.672758457435555526e-04
4.666679388358829870e-04
4.660611880268878239e-04
4.654555904842149990e-04
4.648511433839171646e-04
4.642478439101495411e-04
4.636456892553420884e-04
4.630446766200727623e-04
4.624448032130702257e-04
4.618460662512137395e-04
4.612484629594986309e-04
4.606519905709480938e-04
4.600566463266523285e-04
4.594624274757493510e-04
4.588693312753507254e-04
4.582773549905405338e-04
4.576864958943192689e-04
4.570967512677024964e-04
4.565081183994679648e-04
4.559205945863279937e-04
4.553341771328837202e-04
4.547488633514925010e-04
4.541646505622673707e-04
4.535815360932089887e-04
4.529995172799256985e-04
4.524185914658383333e-04
4.518387560020018651e-04
4.512600082471667699e-04
4.506823455677010201e-04
4.501057653376452699e-04
4.495302649385441536e-04
4.489558417595764439e-04
4.483824931974613771e-04
4.478102166563880174e-04
4.472390095480805795e-04
4.466688692917480138e-04
4.460997933140032875e-04
4.455317790488609988e-04
4.449648239378153859e-04
4.443989254296925500e-04
4.438340809806386373e-04
4.432702880541584912e-04
4.427075441210406794e-04
4.421458466594179923e-04
4.415851931545461580e-04
4.410255810990247475e-04
4.404670079926517297e-04
4.399094713423582566e-04
4.393529686622540910e-04
4.387974974736088499e-04
4.382430553048359046e-04
4.376896396913565837e-04
4.371372481757143940e-04
4.365858783074901277e-04
4.360355276433544461e-04
4.354861937468063157e-04
4.349378741885010337e-04
4.343905665459822131e-04
4.338442684037487865e-04
4.332989773530951947e-04
4.327546909923977243e-04
4.322114069268048059e-04
4.316691227682367422e-04
4.311278361355213424e-04
4.305875446543315803e-04
4.300482459570026893e-04
4.295099376827186456e-04
4.289726174773252510e-04
4.284362829934796994e-04
4.279009318904296159e-04
4.273665618341584483e-04
4.268331704972414312e-04
4.263007555589585595e-04
4.257693147051454024e-04
4.252388456282394529e-04
4.247093460271851519e-04
4.241808136075607936e-04
4.236532460813902004e-04
4.231266411672651283e-04
4.226009965902069779e-04
4.220763100817287558e-04
4.215525793797172223e-04
4.210298022286060923e-04
4.205079763790511545e-04
4.199870995882406784e-04
4.194671696196529864e-04
4.189481842430421970e-04
4.184301412346266586e-04
4.179130383767775672e-04
4.173968734582022503e-04
4.168816442738605753e-04
4.163673486249679849e-04
4.158539843188484254e-04
4.153415491692245875e-04
4.148300409957430255e-04
4.143194576244055619e-04
4.138097968872955800e-04
4.133010566225340599e-04
4.127932346744115797e-04
4.122863288932813054e-04
4.117803371355382817e-04
4.112752572636548323e-04
4.107710871460956660e-04
4.102678246573195574e-04
4.097654676777476345e-04
4.092640140938200817e-04
4.087634617978399610e-04
4.082638086881150799e-04
4.077650526687380062e-04
4.072671916498998910e-04
4.067702235473992164e-04
4.062741462830402397e-04
4.057789577844632075e-04
4.052846559850330080e-04
4.047912388239928569e-04
4.042987042462571601e-04
4.038070502025616223e-04
4.033162746494315873e-04
4.028263755489973450e-04
4.023373508691378960e-04
4.018491985834420294e-04
4.013619166711067322e-04
4.008755031170147106e-04
4.003899559116582242e-04
3.999052730511825087e-04
3.994214525372744278e-04
3.989384923771714729e-04
3.984563905837573347e-04
3.979751451753562306e-04
3.974947541758821990e-04
3.970152156147526345e-04
3.965365275267909262e-04
3.960586879523454490e-04
3.955816949372820829e-04
3.951055465327939350e-04
3.946302407954806494e-04
3.941557757874888110e-04
3.936821495761926482e-04
3.932093602343884843e-04
3.927374058401875644e-04
3.922662844771145551e-04
3.917959942339641045e-04
3.913265332048361869e-04
3.908578994890174376e-04
3.903900911912289466e-04
3.899231064212561122e-04
3.894569432942865872e-04
3.889915999306287108e-04
3.885270744557664784e-04
3.880633650004449765e-04
3.876004697004756055e-04
3.871383866969400726e-04
3.866771141358991211e-04
3.862166501687179531e-04
3.857569929516760799e-04
3.852981406462288854e-04
3.848400914189547715e-04
3.843828434413461780e-04
3.839263948900648038e-04
3.834707439466353740e-04
3.830158887977909584e-04
3.825618276350691602e-04
3.821085586550603983e-04
3.816560800593443736e-04
3.812043900543910261e-04
3.807534868515869905e-04
3.803033686672577674e-04
3.798540337226289092e-04
3.794054802437509390e-04
3.789577064616440915e-04
3.785107106120323044e-04
3.780644909356415903e-04
3.776190456778680542e-04
3.771743730889776580e-04
3.767304714240228992e-04
3.762873389428197718e-04
3.758449739099547051e-04
3.754033745946945750e-04
3.749625392711818063e-04
3.745224662180867770e-04
3.740831537189267370e-04
3.736446000618096649e-04
3.732068035395277265e-04
3.727697624496164176e-04
3.723334750941265027e-04
3.718979397797759112e-04
3.714631548179719096e-04
3.710291185245783775e-04
3.705958292201589938e-04
3.701632852297717809e-04
3.697314848830822952e-04
3.693004265143151089e-04
3.688701084620434750e-04
3.684405290695854404e-04
3.680116866845997096e-04
3.675835796593511658e-04
3.671562063504291411e-04
3.667295651189474517e-04
3.663036543305176721e-04
3.658784723550914382e-04
3.654540175670922320e-04
3.650302883452860364e-04
3.646072830728455737e-04
3.641850001373825069e-04
3.637634379307795509e-04
3.633425948492521092e-04
3.629224692934391846e-04
3.625030596682651427e-04
3.620843643828994892e-04
3.616663818508426289e-04
3.612491104898824445e-04
3.608325487220815568e-04
3.604166949736963888e-04
3.600015476753258103e-04
3.595871052616317386e-04
3.591733661717136220e-04
3.587603288485968051e-04
3.583479917397363571e-04
3.579363532966002505e-04
3.575254119749086989e-04
3.571151662344775979e-04
3.567056145392900283e-04
3.562967553574033401e-04
3.558885871610841358e-04
3.554811084265146678e-04
3.550743176341236837e-04
3.546682132683550565e-04
3.542627938177341927e-04
3.538580577747646536e-04
3.534540036360242152e-04
3.530506299022268305e-04
3.526479350778182224e-04
3.522459176714323324e-04
3.518445761957515673e-04
3.514439091672955963e-04
3.510439151064787596e-04
3.506445925379295288e-04
3.502459399899109462e-04
3.498479559948066190e-04
3.494506390888039147e-04
3.490539878120780593e-04
3.486580007085725318e-04
3.482626763262485934e-04
3.478680132168298494e-04
3.474740099358809083e-04
3.470806650428515084e-04
3.466879771010198687e-04
3.462959446774668847e-04
3.459045663430499991e-04
3.455138406724770901e-04
3.451237662441766925e-04
3.447343416403353487e-04
3.443455654470028299e-04
3.439574362538229835e-04
3.435699526543052715e-04
3.431831132456557428e-04
3.427969166286734385e-04
3.424113614079850668e-04
3.420264461919068216e-04
3.416421695923372638e-04
3.412585302248877499e-04
3.408755267088757110e-04
3.404931576672153102e-04
3.401114217264422169e-04
3.397303175166698592e-04
3.393498436717491814e-04
3.389699988290520742e-04
3.385907816294929503e-04
3.382121907176507177e-04
3.378342247416176954e-04
3.374568823530862418e-04
3.370801622072294376e-04
3.367040629627850580e-04
3.363285832820372490e-04
3.359537218307623177e-04
3.355794772782422306e-04
3.352058482972078012e-04
3.348328335639191920e-04
3.344604317581427130e-04
3.340886415629873776e-04
3.337174616650857482e-04
3.333468907545688361e-04
3.329769275248284995e-04
3.326075706728715974e-04
3.322388188989077763e-04
3.318706709067011855e-04
3.315031254033649118e-04
3.311361810993280748e-04
3.307698367084425657e-04
3.304040909479124123e-04
3.300389425382248233e-04
3.296743902033573252e-04
3.293104326703919491e-04
3.289470686699304800e-04
3.285842969357064751e-04
3.282221162049655475e-04
3.278605252179326440e-04
3.274995227183677524e-04
3.271391074532413999e-04
3.267792781727272265e-04
3.264200336302269757e-04
3.260613725823954313e-04
3.257032937892001025e-04
3.253457960136980952e-04
3.249888780222694867e-04
3.246325385843923535e-04
3.242767764727690809e-04
3.239215904633122142e-04
3.235669793350563132e-04
3.232129418702119452e-04
3.228594768541486089e-04
3.225065830753392777e-04
3.221542593254490871e-04
3.218025043992068569e-04
3.214513170944553440e-04
3.211006962121658792e-04
3.207506405564504556e-04
3.204011489343597426e-04
3.200522201562154469e-04
3.197038530351933839e-04
3.193560463876175121e-04
3.190087990329693664e-04
3.186621097935753199e-04
3.183159774949710381e-04
3.179704009655136602e-04
3.176253790367830078e-04
3.172809105431559275e-04
3.169369943222051142e-04
3.165936292143085818e-04
3.162508140629032038e-04
3.159085477144150532e-04
3.155668290181898512e-04
3.152256568264561582e-04
3.148850299945430277e-04
3.145449473805534443e-04
3.142054078456164011e-04
3.138664102537035605e-04
3.135279534717345311e-04
3.131900363695012436e-04
3.128526578197004778e-04
3.125158166979276277e-04
3.121795118825265399e-04
3.118437422548720026e-04
3.115085066991477004e-04
3.111738041022262479e-04
3.108396333540623755e-04
3.105059933471721869e-04
3.101728829772097381e-04
3.098403011422961868e-04
3.095082467436303074e-04
3.091767186850760598e-04
3.088457158732579454e-04
3.085152372176939843e-04
3.081852816304888319e-04
3.078558480267239291e-04
3.075269353240726107e-04
3.071985424430426952e-04
3.068706683068128790e-04
3.065433118413248936e-04
3.062164719753029669e-04
3.058901476400129678e-04
3.055643377695770415e-04
3.052390413008403071e-04
3.049142571731680573e-04
3.045899843287177308e-04
3.042662217123082114e-04
3.039429682714327305e-04
3.036202229562732320e-04
3.032979847195290150e-04
3.029762525166499994e-04
3.026550253057400152e-04
3.023343020474541284e-04
3.020140817050485688e-04
3.016943632445387522e-04
3.013751456343366150e-04
3.010564278455960950e-04
3.007382088520707758e-04
3.004204876299368908e-04
3.001032631580974959e-04
2.997865344180043355e-04
2.994703003935877484e-04
2.991545600713368448e-04
2.988393124403813635e-04
2.985245564922685974e-04
2.982102912211948161e-04
2.978965156237055930e-04
2.975832286990397137e-04
2.972704294487891162e-04
2.969581168772061539e-04
2.966462899908611501e-04
2.963349477989093289e-04
2.960240893130157880e-04
2.957137135472010544e-04
2.954038195179944991e-04
2.950944062444675131e-04
2.947854727479683667e-04
2.944770180524585281e-04
2.941690411842084909e-04
2.938615411719428406e-04
2.935545170468755447e-04
2.932479678425529610e-04
2.929418925949997705e-04
2.926362903424853325e-04
2.923311601258208096e-04
2.920265009882009829e-04
2.917223119750813579e-04
2.914185921344368004e-04
2.911153405164878302e-04
2.908125561738024814e-04
2.905102381614048314e-04
2.902083855365712251e-04
2.899069973590127458e-04
2.896060726905939193e-04
2.893056105956674610e-04
2.890056101408317404e-04
2.887060703950328037e-04
2.884069904294749281e-04
2.881083693176825829e-04
2.878102061353722237e-04
2.875124999607448092e-04
2.872152498741629804e-04
2.869184549581730160e-04
2.866221142977592399e-04
2.863262269800190859e-04
2.860307920942988403e-04
2.857358087323716672e-04
2.854412759880303285e-04
2.851471929573796472e-04
2.848535587388172628e-04
2.845603724328198266e-04
2.842676331421949165e-04
2.839753399719048533e-04
2.836834920290855666e-04
2.833920884231398902e-04
2.831011282655237029e-04
2.828106106700326462e-04
2.825205347525470111e-04
2.822308996311248173e-04
2.819417044259386581e-04
2.816529482594877162e-04
2.813646302561398512e-04
2.810767495426575455e-04
2.807893052477780475e-04
2.805022965025031245e-04
2.802157224398355473e-04
2.799295821949877991e-04
2.796438749051989537e-04
2.793585997099014805e-04
2.790737557505375255e-04
2.787893421706853303e-04
2.785053581160721876e-04
2.782218027344239542e-04
2.779386751755160085e-04
2.776559745912991805e-04
2.773737001357109923e-04
2.770918509647644543e-04
2.768104262365140211e-04
2.765294251111441708e-04
2.762488467507367897e-04
2.759686903194777125e-04
2.756889549836217569e-04
2.754096399114205700e-04
2.751307442730868496e-04
2.748522672409193525e-04
2.745742079891883491e-04
2.742965656941792076e-04
2.740193395341167172e-04
2.737425286892877113e-04
2.734661323419657693e-04
2.731901496763320162e-04
2.729145798785581720e-04
2.726394221368096961e-04
2.723646756412450285e-04
2.720903395838989835e-04
2.718164131588012532e-04
2.715428955618990497e-04
2.712697859910955401e-04
2.709970836462499547e-04
2.707247877290973564e-04
2.704528974433667641e-04
2.701814119945798167e-04
2.699103305904106739e-04
2.696396524400790254e-04
2.693693767550341144e-04
2.690995027484265685e-04
2.688300296354281848e-04
2.685609566329451043e-04
2.682922829598984038e-04
2.680240078370153866e-04
2.677561304869075366e-04
2.674886501340234101e-04
2.672215660047263727e-04
2.669548773272460273e-04
2.666885833314706976e-04
2.664226832494278924e-04
2.661571763147487098e-04
2.658920617629872431e-04
2.656273388314891212e-04
2.653630067595083857e-04
2.650990647879928187e-04
2.648355121598224135e-04
2.645723481195130615e-04
2.643095719136579857e-04
2.640471827903452529e-04
2.637851799995974715e-04
2.635235627933224609e-04
2.632623304249721071e-04
2.630014821499855843e-04
2.627410172254885431e-04
2.624809349103644513e-04
2.622212344652849513e-04
2.619619151526130407e-04
2.617029762365578969e-04
2.614444169830362069e-04
2.611862366596606755e-04
2.609284345359312780e-04
2.606710098828516156e-04
2.604139619733260584e-04
2.601572900819398696e-04
2.599009934849442973e-04
2.596450714603647236e-04
2.593895232879457505e-04
2.591343482490499344e-04
2.588795456268101714e-04
2.586251147060701747e-04
2.583710547732858114e-04
2.581173651166735849e-04
2.578640450260686581e-04
2.576110937930750156e-04
2.573585107107952802e-04
2.571062950741484390e-04
2.568544461796823841e-04
2.566029633255990667e-04
2.563518458116910708e-04
2.561010929395334088e-04
2.558507040121695908e-04
2.556006783345112074e-04
2.553510152128140426e-04
2.551017139551603279e-04
2.548527738713142715e-04
2.546041942724031407e-04
2.543559744714451055e-04
2.541081137828640041e-04
2.538606115228871909e-04
2.536134670090611689e-04
2.533666795608596647e-04
2.531202484991990445e-04
2.528741731464539261e-04
2.526284528268170262e-04
2.523830868658926384e-04
2.521380745909695812e-04
2.518934153308701688e-04
2.516491084159239188e-04
2.514051531781145163e-04
2.511615489509244474e-04
2.509182950694397872e-04
2.506753908702792394e-04
2.504328356915702289e-04
2.501906288730481069e-04
2.499487697558607771e-04
2.497072576829246940e-04
2.494660919983852010e-04
2.492252720481882302e-04
2.489847971796232571e-04
2.487446667415108676e-04
2.485048800843443545e-04
2.482654365599188122e-04
2.480263355216459891e-04
2.477875763243945844e-04
2.475491583245917294e-04
2.473110808800626343e-04
2.470733433501738651e-04
2.468359450958453245e-04
2.465988854793476682e-04
2.463621638645309636e-04
2.461257796165762990e-04
2.458897321023545998e-04
2.456540206899618861e-04
2.454186447490775465e-04
2.451836036509308370e-04
2.449488967680108560e-04
2.447145234743348854e-04
2.444804831454171104e-04
2.442467751581481111e-04
2.440133988908916543e-04
2.437803537233213587e-04
2.435476390367764755e-04
2.433152542138385620e-04
2.430831986385559925e-04
2.428514716963676035e-04
2.426200727741532177e-04
2.423890012602866609e-04
2.421582565443393691e-04
2.419278380175227420e-04
2.416977450722617002e-04
2.414679771024183280e-04
2.412385335033453255e-04
2.410094136716723387e-04
2.407806170054889461e-04
2.405521429041328869e-04
2.403239907684140029e-04
2.400961600005786496e-04
2.398686500041825734e-04
2.396414601840541844e-04
2.394145899464301898e-04
2.391880386990946703e-04
2.389618058508118797e-04
2.387358908120785995e-04
2.385102929944260487e-04
2.382850118109952967e-04
2.380600466760589404e-04
2.378353970053758012e-04
2.376110622158437091e-04
2.373870417258993834e-04
2.371633349551693199e-04
2.369399413246943832e-04
2.367168602567549249e-04
2.364940911749636727e-04
2.362716335042671127e-04
2.360494866708602710e-04
2.358276501023662849e-04
2.356061232275725623e-04
2.353849054765651684e-04
2.351639962809087760e-04
2.349433950732044470e-04
2.347231012874895131e-04
2.345031143591075253e-04
2.342834337245285482e-04
2.340640588216643910e-04
2.338449890895998614e-04
2.336262239687275860e-04
2.334077629007040729e-04
2.331896053283593706e-04
2.329717506960112157e-04
2.327541984489710702e-04
2.325369480339028842e-04
2.323199988987766920e-04
2.321033504927785959e-04
2.318870022663099264e-04
2.316709536709850466e-04
2.314552041597205275e-04
2.312397531865978612e-04
2.310246002069976851e-04
2.308097446774613022e-04
2.305951860558249592e-04
2.303809238010814486e-04
2.301669573733770456e-04
2.299532862343263602e-04
2.297399098463752333e-04
2.295268276735223001e-04
2.293140391808168419e-04
2.291015438344468232e-04
2.288893411019612078e-04
2.286774304518584763e-04
2.284658113541264510e-04
2.282544832797392528e-04
2.280434457008804030e-04
2.278326980909369686e-04
2.276222399245419548e-04
2.274120706773861684e-04
2.272021898263960275e-04
2.269925968496366603e-04
2.267832912263522652e-04
2.265742724369610415e-04
2.263655399630944110e-04
2.261570932873632094e-04
2.259489318936706685e-04
2.257410552671622447e-04
2.255334628938508376e-04
2.253261542611612218e-04
2.251191288575565125e-04
2.249123861725765188e-04
2.247059256969229351e-04
2.244997469225894725e-04
2.242938493424415677e-04
2.240882324507133814e-04
2.238828957425415911e-04
2.236778387143700700e-04
2.234730608635741020e-04
2.232685616888676629e-04
2.230643406899248434e-04
2.228603973674643903e-04
2.226567312235171246e-04
2.224533417610952059e-04
2.222502284842736914e-04
2.220473908983218599e-04
2.218448285095072422e-04
2.216425408252254271e-04
2.214405273540377380e-04
2.212387876054745849e-04
2.210373210901652981e-04
2.208361273199204193e-04
2.206352058074903847e-04
2.204345560668318871e-04
2.202341776129129627e-04
2.200340699617015807e-04
2.198342326303406597e-04
2.196346651369048822e-04
2.194353670007610823e-04
2.192363377420454714e-04
2.190375768822575367e-04
2.188390839436416663e-04
2.186408584496425959e-04
2.184428999247998342e-04
2.182452078945957934e-04
2.180477818856292886e-04
2.178506214255115361e-04
2.176537260428041906e-04
2.174570952673375861e-04
2.172607286296323952e-04
2.170646256615452988e-04
2.168687858957860819e-04
2.166732088661379714e-04
2.164778941073992782e-04
2.162828411554618938e-04
2.160880495469693328e-04
2.158935188200084270e-04
2.156992485132011431e-04
2.155052381665372233e-04
2.153114873208903052e-04
2.151179955180491205e-04
2.149247623009392682e-04
2.147317872133732244e-04
2.145390698002701106e-04
2.143466096074061100e-04
2.141544061816341000e-04
2.139624590707749877e-04
2.137707678236494503e-04
2.135793319900137230e-04
2.133881511206886733e-04
2.131972247673511736e-04
2.130065524826627954e-04
2.128161338204428760e-04
2.126259683352719164e-04
2.124360555828086299e-04
2.122463951195340697e-04
