Z  S  E        a1       a2       a3        a4       a5
1  K  1.361E+1 1.381E+0 4.611E-3 -1.417E+0 1.481E+0 -1.306E+0
2  K  2.498E+1 1.113E+0 4.781E-3 -1.483E+0 1.495E+0 -2.124E+0
3  K  5.985E+1 4.825E-1 2.164E-3 -7.372E-1 9.963E-1 -2.412E+0
4  K  1.184E+2 2.468E-1 1.177E-3 -3.540E-1 3.895E-1 -5.390E-1
5  K  1.956E+2 1.488E-1 7.157E-4 -2.091E-1 2.234E-1 -3.021E-1
6  K  2.910E+2 9.994E-2 4.881E-4 -1.391E-1 1.487E-1 -2.024E-1
7  K  4.048E+2 7.176E-2 3.621E-4 -9.912E-2 1.048E-1 -1.399E-1
8  K  5.373E+2 5.405E-2 2.812E-4 -7.430E-2 7.819E-2 -1.022E-1
9  K  6.884E+2 4.214E-2 2.282E-4 -5.764E-2 5.950E-2 -7.382E-2
10 K  8.582E+2 3.376E-2 1.916E-4 -4.594E-2 4.659E-2 -5.567E-2
11 K  1.064E+3 2.713E-2 1.593E-4 -3.639E-2 3.722E-2 -4.244E-2
   L1 6.449E+1 3.395E-1 1.018E-3 -5.439E-1 4.686E-1 -1.779E+0
12 K  1.295E+3 2.221E-2 1.363E-4 -2.936E-2 2.994E-2 -3.340E-2
   L1 8.947E+1 2.584E-1 7.908E-4 -3.923E-1 3.783E-1 -1.396E+0
   L2 5.655E+1 4.594E-1 2.758E-3 -7.718E-1 6.510E-1 -1.603E+0
   L3 5.623E+1 6.538E-1 3.923E-3 -1.098E+0 9.197E-1 -2.249E+0
13 K  1.550E+3 1.845E-2 1.192E-4 -2.405E-2 2.420E-2 -2.657E-2
   L1 1.190E+2 2.023E-1 5.956E-4 -2.945E-1 3.259E-1 -1.059E+0
   L2 8.119E+1 3.420E-1 1.813E-3 -5.546E-1 8.140E-1 -2.562E+0
   L3 8.071E+1 4.868E-1 2.588E-3 -7.885E-1 1.149E+0 -3.613E+0
14 K  1.829E+3 1.556E-2 1.060E-4 -2.007E-2 2.020E-2 -2.253E-2
   L1 1.515E+2 1.623E-1 5.205E-4 -2.236E-1 2.076E-1 -5.010E-1
   L2 1.086E+2 2.644E-1 1.405E-3 -4.085E-1 6.416E-1 -1.827E+0
   L3 1.079E+2 3.765E-1 2.008E-3 -5.809E-1 9.041E-1 -2.565E+0
15 K  2.130E+3 1.329E-2 9.575E-5 -1.694E-2 1.655E-2 -1.726E-2
   L1 1.871E+2 1.335E-1 4.551E-4 -1.764E-1 1.378E-1 -1.945E-1
   L2 1.391E+2 2.106E-1 1.167E-3 -3.100E-1 4.647E-1 -1.093E+0
   L3 1.381E+2 3.003E-1 1.662E-3 -4.419E-1 6.598E-1 -1.539E+0
16 K  2.456E+3 1.149E-2 8.737E-5 -1.452E-2 1.423E-2 -1.509E-2
   L1 2.260E+2 1.120E-1 3.966E-4 -1.437E-1 1.012E-1 -3.771E-2
   L2 1.727E+2 1.721E-1 9.909E-4 -2.432E-1 3.414E-1 -6.045E-1
   L3 1.714E+2 2.457E-1 1.412E-3 -3.472E-1 4.887E-1 -8.654E-1
17 K  2.805E+3 1.001E-2 8.116E-5 -1.253E-2 1.203E-2 -1.227E-2
   L1 2.680E+2 9.516E-2 3.579E-4 -1.180E-1 5.834E-2 01.318E-1
   L2 2.095E+2 1.436E-1 8.535E-4 -1.963E-1 2.619E-1 -3.148E-1
   L3 2.077E+2 2.051E-1 1.219E-3 -2.804E-1 3.743E-1 -4.450E-1
18 K  3.178E+3 8.804E-3 7.581E-5 -1.093E-2 1.042E-2 -1.053E-2
   L1 3.135E+2 8.190E-2 3.245E-4 -9.867E-2 3.341E-2 02.096E-1
   L2 2.494E+2 1.216E-1 7.483E-4 -1.612E-1 1.981E-1 -9.910E-2
   L3 2.471E+2 1.738E-1 1.070E-3 -2.302E-1 2.797E-1 -1.212E-1
19 K  3.583E+3 7.780E-3 7.102E-5 -9.583E-3 9.228E-3 -9.270E-3
   L1 3.712E+2 6.928E-2 2.937E-4 -7.987E-2 1.612E-2 02.334E-1
   L2 3.017E+2 1.007E-1 6.212E-4 -1.279E-1 1.571E-1 -3.141E-2
   L3 2.986E+2 1.441E-1 8.919E-4 -1.825E-1 2.187E-1 -1.568E-2
20 K  4.015E+3 6.915E-3 6.725E-5 -8.446E-3 8.198E-3 -8.636E-3
   L1 4.341E+2 5.914E-2 2.463E-4 -6.937E-2 3.727E-2 05.399E-2
   L2 3.591E+2 8.339E-2 4.792E-4 -1.060E-1 1.625E-1 -2.460E-1
   L3 3.552E+2 1.194E-1 6.855E-4 -1.516E-1 2.313E-1 -3.458E-1
   M1 5.317E+1 3.550E-1 1.486E-3 -3.505E-1 -5.17E-2 04.602E-1
21 K  4.466E+3 6.202E-3 6.357E-5 -7.563E-3 7.686E-3 -9.045E-3
   L1 4.943E+2 5.206E-2 2.215E-4 -6.080E-2 3.448E-2 03.768E-2
   L2 4.137E+2 7.234E-2 4.162E-4 -9.103E-2 1.428E-1 -2.222E-1
   L3 4.088E+2 1.037E-1 5.966E-4 -1.302E-1 2.029E-1 -3.112E-1
   M1 6.091E+1 3.090E-1 1.396E-3 -3.118E-1 -1.66E-1 07.936E-1
22 K  4.941E+3 5.575E-3 6.139E-5 -6.715E-3 6.474E-3 -6.794E-3
   L1 5.574E+2 4.625E-2 2.017E-4 -5.378E-2 3.087E-2 02.999E-2
   L2 4.712E+2 6.344E-2 3.687E-4 -7.903E-2 1.245E-1 -1.939E-1
   L3 4.652E+2 9.106E-2 5.273E-4 -1.134E-1 1.791E-1 -2.790E-1
   M1 6.861E+1 2.746E-1 1.274E-3 -2.857E-1 -2.08E-1 09.468E-1
23 K  5.440E+3 5.045E-3 5.907E-5 -6.040E-3 5.807E-3 -6.108E-3
   L1 6.238E+2 4.140E-2 1.851E-4 -4.796E-2 2.764E-2 02.468E-2
   L2 5.319E+2 5.614E-2 3.305E-4 -6.938E-2 1.102E-1 -1.740E-1
   L3 5.245E+2 8.068E-2 4.727E-4 -9.964E-2 1.577E-1 -2.467E-1
   M1 7.641E+1 2.490E-1 1.089E-3 -2.778E-1 -1.19E-1 07.220E-1
   M2 5.064E+1 4.025E-1 1.606E-3 -5.231E-1 3.208E-1 02.509E-1
24 K  5.963E+3 4.585E-3 5.707E-5 -5.456E-3 5.227E-3 -5.496E-3
   L1 6.934E+2 3.730E-2 1.703E-4 -4.313E-2 2.502E-2 02.062E-2
   L2 5.957E+2 5.010E-2 2.969E-4 -6.163E-2 9.897E-2 -1.581E-1
   L3 5.867E+2 7.209E-2 4.261E-4 -8.861E-2 1.419E-1 -2.252E-1
   M1 8.438E+1 2.244E-1 1.066E-3 -2.481E-1 -2.06E-1 01.001E+0
   M2 5.628E+1 3.606E-1 1.474E-3 -4.864E-1 3.576E-1 07.667E-2
   M3 5.518E+1 5.217E-1 2.123E-3 -7.127E-1 5.479E-1 03.916E-2
25 K  6.511E+3 4.184E-3 5.532E-5 -4.949E-3 4.714E-3 -4.926E-3
   L1 7.664E+2 3.378E-2 1.582E-4 -3.899E-2 2.277E-2 01.665E-2
   L2 6.629E+2 4.497E-2 2.705E-4 -5.500E-2 8.849E-2 -1.420E-1
   L3 6.521E+2 6.480E-2 3.880E-4 -7.918E-2 1.270E-1 -2.025E-1
   M1 9.257E+1 2.048E-1 9.822E-4 -2.313E-1 -2.14E-1 01.056E+0
   M2 6.208E+1 3.262E-1 1.319E-3 -4.538E-1 3.695E-1 -1.124E-2
   M3 6.073E+1 4.731E-1 1.908E-3 -6.667E-1 5.655E-1 -8.708E-2
26 K  7.083E+3 3.832E-3 5.376E-5 -4.509E-3 4.293E-3 -4.511E-3
   L1 8.429E+2 3.074E-2 1.475E-4 -3.543E-2 2.089E-2 01.319E-2
   L2 7.335E+2 4.061E-2 2.476E-4 -4.946E-2 8.020E-2 -1.308E-1
   L3 7.206E+2 5.861E-2 3.550E-4 -7.136E-2 1.154E-1 -1.866E-1
   M1 1.010E+2 1.882E-1 8.949E-4 -2.178E-1 -2.03E-1 01.049E+0
   M2 6.804E+1 2.970E-1 1.187E-3 -4.245E-1 3.761E-1 -7.507E-2
   M3 6.641E+1 4.320E-1 1.723E-3 -6.259E-1 5.786E-1 -1.868E-1
27 K  7.681E+3 3.521E-3 5.237E-5 -4.122E-3 3.919E-3 -4.127E-3
   L1 9.230E+2 2.811E-2 1.378E-4 -3.237E-2 1.932E-2 01.020E-2
   L2 8.075E+2 3.685E-2 2.278E-4 -4.471E-2 7.271E-2 -1.194E-1
   L3 7.922E+2 5.327E-2 3.274E-4 -6.455E-2 1.045E-1 -1.701E-1
   M1 1.097E+2 1.735E-1 8.255E-4 -2.038E-1 -2.10E-1 01.099E+0
   M2 7.417E+1 2.720E-1 1.073E-3 -3.985E-1 3.856E-1 -1.499E-1
   M3 7.222E+1 3.968E-1 1.558E-3 -5.899E-1 5.953E-1 -2.997E-1
28 K  8.303E+3 3.245E-3 5.114E-5 -3.783E-3 3.634E-3 -3.993E-3
   L1 1.007E+3 2.578E-2 1.299E-4 -2.964E-2 1.750E-2 09.038E-3
   L2 8.850E+2 3.360E-2 2.107E-4 -4.064E-2 6.633E-2 -1.097E-1
   L3 8.670E+2 4.864E-2 3.035E-4 -5.872E-2 9.527E-2 -1.562E-1
   M1 1.187E+2 1.606E-1 7.635E-4 -1.918E-1 -2.05E-1 01.097E+0
   M2 8.050E+1 2.502E-1 9.768E-4 -3.742E-1 3.862E-1 -1.944E-1
   M3 7.819E+1 3.662E-1 1.420E-3 -5.569E-1 6.081E-1 -4.023E-1
29 K  8.950E+3 3.000E-3 5.003E-5 -3.480E-3 3.339E-3 -3.683E-3
   L1 1.094E+3 2.374E-2 1.226E-4 -2.727E-2 1.625E-2 06.884E-3
   L2 9.660E+2 3.074E-2 1.965E-4 -3.699E-2 5.997E-2 -9.878E-2
   L3 9.449E+2 4.459E-2 2.827E-4 -5.365E-2 8.719E-2 -1.440E-1
   M1 1.279E+2 1.492E-1 7.057E-4 -1.810E-1 -1.97E-1 01.080E+0
   M2 8.704E+1 2.311E-1 8.922E-4 -3.522E-1 3.872E-1 -2.402E-1
   M3 8.431E+1 3.392E-1 1.302E-3 -5.260E-1 6.090E-1 -4.641E-1
30 K  9.623E+3 2.779E-3 4.908E-5 -3.203E-3 3.002E-3 -3.112E-3
   L1 1.185E+3 2.193E-2 1.160E-4 -2.518E-2 1.521E-2 04.880E-3
   L2 1.051E+3 2.825E-2 1.832E-4 -3.394E-2 5.545E-2 -9.247E-2
   L3 1.026E+3 4.104E-2 2.644E-4 -4.921E-2 7.991E-2 -1.323E-1
   M1 1.375E+2 1.390E-1 6.562E-4 -1.709E-1 -1.89E-1 01.063E+0
   M2 9.379E+1 2.145E-1 7.988E-4 -3.347E-1 4.090E-1 -3.553E-1
   M3 9.059E+1 3.154E-1 1.191E-3 -4.988E-1 6.172E-1 -5.491E-1
31 K  1.033E+4 2.576E-3 4.821E-5 -2.940E-3 2.610E-3 -2.254E-3
   L1 1.291E+3 2.010E-2 1.092E-4 -2.297E-2 1.480E-2 -8.090E-4
   L2 1.150E+3 2.571E-2 1.683E-4 -3.061E-2 5.061E-2 -8.654E-2
   L3 1.122E+3 3.742E-2 2.422E-4 -4.449E-2 7.342E-2 -1.256E-1
   M1 1.577E+2 1.233E-1 5.910E-4 -1.489E-1 -1.66E-1 07.536E-1
   M2 1.110E+2 1.864E-1 6.486E-4 -2.941E-1 3.450E-1 -3.456E-1
   M3 1.072E+2 2.751E-1 9.442E-4 -4.423E-1 5.478E-1 -6.108E-1
32 K  1.107E+4 2.395E-3 4.735E-5 -2.721E-3 2.437E-3 -2.193E-3
   L1 1.402E+3 1.847E-2 1.030E-4 -2.101E-2 1.429E-2 -4.747E-3
   L2 1.255E+3 2.350E-2 1.558E-4 -2.775E-2 4.679E-2 -8.279E-2
   L3 1.223E+3 3.422E-2 2.252E-4 -4.027E-2 6.681E-2 -1.158E-1
   M1 1.791E+2 1.100E-1 5.537E-4 -1.274E-1 -1.74E-1 06.403E-1
   M2 1.293E+2 1.640E-1 5.689E-4 -2.569E-1 2.769E-1 -3.342E-1
   M3 1.248E+2 2.420E-1 8.506E-4 -3.841E-1 4.107E-1 -4.647E-1
33 K  1.183E+4 2.232E-3 4.655E-5 -2.520E-3 2.226E-3 -1.881E-3
   L1 1.519E+3 1.701E-2 9.825E-5 -1.917E-2 1.284E-2 -4.186E-3
   L2 1.366E+3 2.155E-2 1.444E-4 -2.528E-2 4.352E-2 -7.890E-2
   L3 1.328E+3 3.146E-2 2.081E-4 -3.684E-2 6.332E-2 -1.151E-1
   M1 2.019E+2 9.912E-2 5.086E-4 -1.126E-1 -1.36E-1 03.782E-1
   M2 1.489E+2 1.458E-1 5.099E-4 -2.263E-1 2.113E-1 -2.270E-1
   M3 1.436E+2 2.159E-1 7.496E-4 -3.410E-1 3.304E-1 -3.683E-1
   M4 5.117E+1 6.015E-1 3.533E-3 -1.445E+0 4.595E+0 -9.857E+0
   M5 5.037E+1 7.465E-1 4.413E-3 -1.799E+0 5.773E+0 -1.247E+1
34 K  1.262E+4 2.085E-3 4.577E-5 -2.347E-3 2.132E-3 -1.988E-3
   L1 1.642E+3 1.571E-2 9.390E-5 -1.755E-2 1.152E-2 -3.190E-3
   L2 1.481E+3 1.982E-2 1.349E-4 -2.306E-2 4.000E-2 -7.257E-2
   L3 1.438E+3 2.898E-2 1.944E-4 -3.366E-2 5.824E-2 -1.056E-1
   M1 2.261E+2 8.990E-2 4.647E-4 -1.004E-1 -1.07E-1 02.104E-1
   M2 1.697E+2 1.306E-1 4.663E-4 -2.001E-1 1.717E-1 -2.164E-1
   M3 1.636E+2 1.938E-1 6.877E-4 -3.020E-1 2.676E-1 -3.407E-1
   M4 6.480E+1 5.037E-1 2.673E-3 -1.148E+0 3.006E+0 -5.192E+0
   M5 6.382E+1 6.259E-1 3.295E-3 -1.434E+0 3.808E+0 -6.640E+0
35 K  1.344E+4 1.950E-3 4.510E-5 -2.182E-3 1.954E-3 -1.703E-3
   L1 1.769E+3 1.456E-2 8.950E-5 -1.616E-2 1.088E-2 -4.044E-3
   L2 1.602E+3 1.829E-2 1.265E-4 -2.112E-2 3.695E-2 -6.690E-2
   L3 1.554E+3 2.678E-2 1.826E-4 -3.083E-2 5.364E-2 -9.675E-2
   M1 2.515E+2 8.216E-2 4.171E-4 -9.150E-2 -7.20E-2 05.995E-2
   M2 1.918E+2 1.177E-1 4.317E-4 -1.772E-1 1.404E-1 -2.148E-1
   M3 1.847E+2 1.749E-1 6.474E-4 -2.666E-1 2.030E-1 -2.721E-1
   M4 7.952E+1 4.231E-1 2.402E-3 -8.928E-1 1.734E+0 -1.739E+0
   M5 7.835E+1 5.258E-1 2.956E-3 -1.117E+0 2.205E+0 -2.263E+0
36 K  1.428E+4 1.828E-3 4.444E-5 -2.037E-3 1.834E-3 -1.616E-3
   L1 1.902E+3 1.352E-2 8.566E-5 -1.490E-2 1.000E-2 -3.466E-3
   L2 1.729E+3 1.689E-2 1.204E-4 -1.924E-2 3.290E-2 -5.720E-2
   L3 1.673E+3 2.479E-2 1.729E-4 -2.823E-2 4.879E-2 -8.627E-2
   M1 2.783E+2 7.527E-2 3.823E-4 -8.307E-2 -4.74E-2 -4.301E-2
   M2 2.152E+2 1.070E-1 3.939E-4 -1.597E-1 1.315E-1 -2.605E-1
   M3 2.069E+2 1.594E-1 5.870E-4 -2.415E-1 1.977E-1 -3.718E-1
   M4 9.533E+1 3.619E-1 2.166E-3 -7.123E-1 9.972E-1 -1.111E-1
   M5 9.393E+1 4.492E-1 2.697E-3 -8.882E-1 1.263E+0 -1.748E-1
37 K  1.516E+4 1.716E-3 4.378E-5 -1.909E-3 1.789E-3 -1.758E-3
   L1 2.048E+3 1.253E-2 8.237E-5 -1.363E-2 8.937E-3 -1.634E-3
   L2 1.867E+3 1.560E-2 1.133E-4 -1.751E-2 2.930E-2 -4.700E-2
   L3 1.805E+3 2.292E-2 1.632E-4 -2.568E-2 4.292E-2 -6.869E-2
   M1 3.133E+2 6.812E-2 3.452E-4 -7.287E-2 -2.06E-2 -1.070E-1
   M2 2.468E+2 9.650E-2 3.270E-4 -1.423E-1 1.569E-1 -4.018E-1
   M3 2.373E+2 1.439E-1 4.928E-4 -2.147E-1 2.332E-1 -5.852E-1
   M4 1.192E+2 3.011E-1 2.077E-3 -5.157E-1 3.470E-1 08.730E-1
   M5 1.175E+2 3.743E-1 2.558E-3 -6.450E-1 4.606E-1 01.029E+0
38 K  1.607E+4 1.613E-3 4.320E-5 -1.787E-3 1.683E-3 -1.670E-3
   L1 2.200E+3 1.164E-2 7.838E-5 -1.267E-2 9.477E-3 -7.266E-3
   L2 2.012E+3 1.442E-2 1.058E-4 -1.615E-2 2.831E-2 -4.994E-2
   L3 1.942E+3 2.124E-2 1.519E-4 -2.376E-2 4.218E-2 -7.593E-2
   M1 3.504E+2 6.200E-2 3.037E-4 -6.608E-2 1.509E-2 -2.309E-1
   M2 2.804E+2 8.746E-2 2.605E-4 -1.284E-1 1.836E-1 -5.594E-1
   M3 2.695E+2 1.305E-1 3.946E-4 -1.933E-1 2.703E-1 -8.135E-1
   M4 1.449E+2 2.602E-1 1.738E-3 -4.297E-1 3.807E-1 -5.883E-1
   M5 1.429E+2 3.231E-1 2.153E-3 -5.351E-1 4.765E-1 -7.167E-1
39 K  1.700E+4 1.520E-3 4.259E-5 -1.684E-3 1.658E-3 -1.809E-3
   L1 2.355E+3 1.084E-2 7.576E-5 -1.168E-2 8.311E-3 -5.153E-3
   L2 2.160E+3 1.338E-2 1.009E-4 -1.479E-2 2.545E-2 -4.384E-2
   L3 2.081E+3 1.973E-2 1.452E-4 -2.175E-2 3.740E-2 -6.460E-2
   M1 3.859E+2 5.686E-2 2.829E-4 -5.953E-2 2.413E-2 -2.419E-1
   M2 3.123E+2 8.001E-2 2.267E-4 -1.166E-1 1.839E-1 -5.719E-1
   M3 2.999E+2 1.197E-1 3.383E-4 -1.766E-1 2.786E-1 -8.586E-1
   M4 1.687E+2 2.317E-1 1.459E-3 -3.782E-1 4.769E-1 -1.368E+0
   M5 1.664E+2 2.877E-1 1.808E-3 -4.708E-1 5.940E-1 -1.689E+0
40 K  1.796E+4 1.434E-3 4.204E-5 -1.586E-3 1.606E-3 -1.847E-3
   L1 2.515E+3 1.013E-2 7.320E-5 -1.085E-2 7.761E-3 -5.119E-3
   L2 2.312E+3 1.246E-2 9.622E-5 -1.366E-2 2.345E-2 -4.023E-2
   L3 2.225E+3 1.841E-2 1.384E-4 -2.012E-2 3.462E-2 -5.976E-2
   M1 4.221E+2 5.243E-2 2.638E-4 -5.399E-2 2.633E-2 -2.207E-1
   M2 3.450E+2 7.358E-2 2.000E-4 -1.065E-1 1.762E-1 -5.356E-1
   M3 3.308E+2 1.104E-1 2.976E-4 -1.619E-1 2.729E-1 -8.293E-1
   M4 1.930E+2 2.084E-1 1.246E-3 -3.374E-1 5.340E-1 -1.777E+0
   M5 1.903E+2 2.588E-1 1.546E-3 -4.200E-1 6.652E-1 -2.208E+0
41 K  1.895E+4 1.353E-3 4.158E-5 -1.490E-3 1.481E-3 -1.583E-3
   L1 2.680E+3 9.490E-3 7.077E-5 -1.010E-2 7.282E-3 -5.101E-3
   L2 2.470E+3 1.164E-2 9.175E-5 -1.269E-2 2.209E-2 -3.860E-2
   L3 2.372E+3 1.722E-2 1.320E-4 -1.871E-2 3.252E-2 -5.689E-2
   M1 4.593E+2 4.851E-2 2.481E-4 -4.910E-2 2.504E-2 -1.883E-1
   M2 3.786E+2 6.780E-2 1.846E-4 -9.697E-2 1.624E-1 -4.778E-1
   M3 3.625E+2 1.018E-1 2.796E-4 -1.467E-1 2.408E-1 -6.966E-1
   M4 2.181E+2 1.888E-1 1.079E-3 -3.038E-1 5.604E-1 -1.947E+0
   M5 2.150E+2 2.347E-1 1.334E-3 -3.788E-1 7.021E-1 -2.435E+0
42 K  1.997E+4 1.281E-3 4.105E-5 -1.410E-3 1.450E-3 -1.642E-3
   L1 2.850E+3 8.904E-3 6.863E-5 -9.421E-3 6.801E-3 -4.885E-3
   L2 2.633E+3 1.089E-2 8.792E-5 -1.179E-2 2.055E-2 -3.593E-2
   L3 2.525E+3 1.614E-2 1.267E-4 -1.737E-2 2.990E-2 -5.148E-2
   M1 4.978E+2 4.510E-2 2.315E-4 -4.528E-2 2.797E-2 -1.763E-1
   M2 4.133E+2 6.262E-2 1.750E-4 -8.814E-2 1.455E-1 -4.106E-1
   M3 3.951E+2 9.427E-2 2.633E-4 -1.340E-1 2.192E-1 -6.095E-1
   M4 2.440E+2 1.720E-1 9.526E-4 -2.747E-1 5.591E-1 -1.954E+0
   M5 2.405E+2 2.141E-1 1.172E-3 -3.436E-1 7.096E-1 -2.479E+0
43 K  2.101E+4 1.216E-3 4.047E-5 -1.349E-3 1.522E-3 -2.044E-3
   L1 3.022E+3 8.388E-3 6.649E-5 -8.848E-3 6.499E-3 -4.999E-3
   L2 2.798E+3 1.023E-2 8.453E-5 -1.103E-2 1.927E-2 -3.361E-2
   L3 2.677E+3 1.519E-2 1.221E-4 -1.626E-2 2.801E-2 -4.805E-2
   M1 5.334E+2 4.222E-2 2.224E-4 -4.190E-2 2.401E-2 -1.518E-1
   M2 4.452E+2 5.853E-2 1.635E-4 -8.240E-2 1.375E-1 -3.816E-1
   M3 4.248E+2 8.830E-2 2.499E-4 -1.253E-1 2.047E-1 -5.572E-1
   M4 2.669E+2 1.592E-1 8.328E-4 -2.578E-1 5.913E-1 -2.115E+0
   M5 2.629E+2 1.981E-1 1.030E-3 -3.218E-1 7.417E-1 -2.652E+0
44 K  2.209E+4 1.153E-3 4.002E-5 -1.280E-3 1.482E-3 -2.048E-3
   L1 3.204E+3 7.898E-3 6.464E-5 -8.290E-3 6.117E-3 -4.844E-3
   L2 2.972E+3 9.605E-3 8.148E-5 -1.028E-2 1.779E-2 -3.054E-2
   L3 2.839E+3 1.429E-2 1.175E-4 -1.521E-2 2.626E-2 -4.518E-2
   M1 5.741E+2 3.939E-2 2.120E-4 -3.850E-2 2.080E-2 -1.209E-1
   M2 4.821E+2 5.447E-2 1.526E-4 -7.603E-2 1.269E-1 -3.344E-1
   M3 4.592E+2 8.224E-2 2.396E-4 -1.151E-1 1.818E-1 -4.622E-1
   M4 2.944E+2 1.463E-1 7.553E-4 -2.349E-1 5.646E-1 -1.986E+0
   M5 2.899E+2 1.822E-1 9.331E-4 -2.935E-1 7.104E-1 -2.500E+0
45 K  2.319E+4 1.096E-3 3.956E-5 -1.219E-3 1.478E-3 -2.181E-3
   L1 3.391E+3 7.449E-3 6.288E-5 -7.784E-3 5.787E-3 -4.748E-3
   L2 3.152E+3 9.038E-3 7.856E-5 -9.629E-3 1.688E-2 -2.951E-2
   L3 3.004E+3 1.347E-2 1.134E-4 -1.425E-2 2.459E-2 -4.232E-2
   M1 6.160E+2 3.691E-2 1.991E-4 -3.600E-2 2.328E-2 -1.148E-1
   M2 5.202E+2 5.071E-2 1.476E-4 -6.976E-2 1.121E-1 -2.755E-1
   M3 4.946E+2 7.685E-2 2.280E-4 -1.063E-1 1.643E-1 -3.875E-1
   M4 3.229E+2 1.349E-1 6.957E-4 -2.141E-1 5.283E-1 -1.822E+0
   M5 3.178E+2 1.682E-1 8.523E-4 -2.686E-1 6.696E-1 -2.295E+0
46 K  2.433E+4 1.043E-3 3.909E-5 -1.162E-3 1.443E-3 -2.138E-3
   L1 3.585E+3 7.034E-3 6.136E-5 -7.313E-3 5.412E-3 -4.396E-3
   L2 3.337E+3 8.513E-3 7.616E-5 -9.000E-3 1.558E-2 -2.676E-2
   L3 3.175E+3 1.272E-2 1.097E-4 -1.337E-2 2.307E-2 -3.968E-2
   M1 6.593E+2 3.458E-2 1.913E-4 -3.318E-2 1.981E-2 -9.017E-2
   M2 5.597E+2 4.728E-2 1.451E-4 -6.387E-2 9.627E-2 -2.148E-1
   M3 5.310E+2 7.181E-2 2.257E-4 -9.743E-2 1.386E-1 -2.874E-1
   M4 3.525E+2 1.245E-1 6.539E-4 -1.944E-1 4.751E-1 -1.579E+0
   M5 3.467E+2 1.553E-1 8.067E-4 -2.437E-1 6.040E-1 -2.010E+0
47 K  2.549E+4 9.930E-4 3.866E-5 -1.109E-3 1.421E-3 -2.160E-3
   L1 3.784E+3 6.651E-3 5.995E-5 -6.878E-3 5.045E-3 -3.976E-3
   L2 3.528E+3 8.036E-3 7.369E-5 -8.467E-3 1.484E-2 -2.598E-2
   L3 3.350E+3 1.204E-2 1.061E-4 -1.261E-2 2.204E-2 -3.868E-2
   M1 7.040E+2 3.247E-2 1.834E-4 -3.075E-2 1.742E-2 -7.135E-2
   M2 6.004E+2 4.420E-2 1.417E-4 -5.875E-2 8.294E-2 -1.632E-1
   M3 5.685E+2 6.730E-2 2.211E-4 -8.983E-2 1.189E-1 -2.115E-1
   M4 3.830E+2 1.155E-1 6.126E-4 -1.780E-1 4.338E-1 -1.389E+0
   M5 3.765E+2 1.441E-1 7.579E-4 -2.229E-1 5.474E-1 -1.747E+0
48 K  2.669E+4 9.462E-4 3.824E-5 -1.059E-3 1.383E-3 -2.112E-3
   L1 3.994E+3 6.285E-3 5.866E-5 -6.457E-3 4.707E-3 -3.671E-3
   L2 3.731E+3 7.574E-3 7.165E-5 -7.903E-3 1.362E-2 -2.330E-2
   L3 3.535E+3 1.137E-2 1.030E-4 -1.180E-2 2.028E-2 -3.465E-2
   M1 7.556E+2 3.023E-2 1.803E-4 -2.741E-2 8.257E-3 -2.079E-2
   M2 6.480E+2 4.095E-2 1.451E-4 -5.218E-2 5.988E-2 -7.081E-2
   M3 6.126E+2 6.251E-2 2.249E-4 -8.010E-2 8.653E-2 -8.207E-2
   M4 4.201E+2 1.058E-1 6.134E-4 -1.550E-1 3.366E-1 -9.420E-1
   M5 4.128E+2 1.320E-1 7.641E-4 -1.935E-1 4.177E-1 -1.163E+0
49 K  2.792E+4 9.035E-4 3.778E-5 -1.017E-3 1.405E-3 -2.276E-3
   L1 4.214E+3 5.947E-3 5.725E-5 -6.083E-3 4.544E-3 -3.771E-3
   L2 3.943E+3 7.152E-3 6.951E-5 -7.420E-3 1.290E-2 -2.219E-2
   L3 3.728E+3 1.076E-2 1.002E-4 -1.106E-2 1.887E-2 -3.169E-2
   M1 8.113E+2 2.815E-2 1.762E-4 -2.437E-2 1.390E-3 01.894E-2
   M2 6.997E+2 3.808E-2 1.411E-4 -4.713E-2 4.916E-2 -2.702E-2
   M3 6.605E+2 5.817E-2 2.229E-4 -7.183E-2 6.449E-2 08.651E-3
   M4 4.609E+2 9.715E-2 6.077E-4 -1.345E-1 2.514E-1 -5.433E-1
   M5 4.527E+2 1.213E-1 7.516E-4 -1.688E-1 3.189E-1 -6.868E-1
50 K  2.918E+4 8.630E-4 3.737E-5 -9.755E-4 1.380E-3 -2.239E-3
   L1 4.440E+3 5.630E-3 5.613E-5 -5.712E-3 4.137E-3 -2.905E-3
   L2 4.161E+3 6.758E-3 6.770E-5 -6.949E-3 1.191E-2 -1.986E-2
   L3 3.926E+3 1.019E-2 9.740E-5 -1.040E-2 1.765E-2 -2.911E-2
   M1 8.689E+2 2.630E-2 1.713E-4 -2.193E-2 -1.80E-3 04.216E-2
   M2 7.532E+2 3.539E-2 1.420E-4 -4.195E-2 3.170E-2 04.369E-2
   M3 7.099E+2 5.422E-2 2.223E-4 -6.425E-2 4.109E-2 01.037E-1
   M4 5.032E+2 8.965E-2 5.946E-4 -1.183E-1 1.930E-1 -2.732E-1
   M5 4.941E+2 1.120E-1 7.371E-4 -1.482E-1 2.428E-1 -3.360E-1
51 K  3.048E+4 8.254E-4 3.694E-5 -9.376E-4 1.367E-3 -2.245E-3
   L1 4.674E+3 5.339E-3 5.496E-5 -5.386E-3 3.923E-3 -2.660E-3
   L2 4.386E+3 6.394E-3 6.605E-5 -6.520E-3 1.108E-2 -1.809E-2
   L3 4.130E+3 9.672E-3 9.465E-5 -9.818E-3 1.689E-2 -2.816E-2
   M1 9.289E+2 2.468E-2 1.630E-4 -2.020E-2 -1.09E-3 04.912E-2
   M2 8.091E+2 3.299E-2 1.412E-4 -3.768E-2 2.185E-2 07.832E-2
   M3 7.614E+2 5.074E-2 2.169E-4 -5.830E-2 2.950E-2 01.497E-1
   M4 5.475E+2 8.297E-2 5.817E-4 -1.043E-1 1.455E-1 -6.102E-2
   M5 5.374E+2 1.039E-1 7.129E-4 -1.318E-1 1.917E-1 -9.977E-2
52 K  3.181E+4 7.901E-4 3.654E-5 -9.028E-4 1.368E-3 -2.308E-3
   L1 4.914E+3 5.066E-3 5.394E-5 -5.078E-3 3.658E-3 -2.199E-3
   L2 4.618E+3 6.058E-3 6.449E-5 -6.131E-3 1.035E-2 -1.658E-2
   L3 4.339E+3 9.185E-3 9.237E-5 -9.254E-3 1.586E-2 -2.598E-2
   M1 9.911E+2 2.314E-2 1.581E-4 -1.828E-2 -3.53E-3 06.699E-2
   M2 8.671E+2 3.088E-2 1.365E-4 -3.427E-2 1.478E-2 01.072E-1
   M3 8.146E+2 4.761E-2 2.100E-4 -5.317E-2 2.034E-2 01.855E-1
   M4 5.935E+2 7.717E-2 5.605E-4 -9.322E-2 1.132E-1 08.697E-2
   M5 5.824E+2 9.641E-2 7.014E-4 -1.163E-1 1.385E-1 01.267E-1
53 K  3.317E+4 7.580E-4 3.610E-5 -8.748E-4 1.396E-3 -2.440E-3
   L1 5.162E+3 4.815E-3 5.286E-5 -4.807E-3 3.559E-3 -2.319E-3
   L2 4.858E+3 5.748E-3 6.294E-5 -5.786E-3 9.816E-3 -1.564E-2
   L3 4.554E+3 8.730E-3 9.039E-5 -8.710E-3 1.464E-2 -2.294E-2
   M1 1.056E+3 2.180E-2 1.506E-4 -1.699E-2 -2.40E-3 07.102E-2
   M2 9.273E+2 2.899E-2 1.312E-4 -3.148E-2 1.192E-2 01.172E-1
   M3 8.697E+2 4.465E-2 2.086E-4 -4.789E-2 5.401E-3 02.431E-1
   M4 6.413E+2 7.199E-2 5.396E-4 -8.384E-2 8.922E-2 01.926E-1
   M5 6.290E+2 9.029E-2 6.630E-4 -1.065E-1 1.252E-1 02.046E-1
54 K  3.456E+4 7.274E-4 3.569E-5 -8.477E-4 1.429E-3 -2.619E-3
   L1 5.417E+3 4.577E-3 5.205E-5 -4.530E-3 3.164E-3 -1.162E-3
   L2 5.104E+3 5.442E-3 6.213E-5 -5.381E-3 8.803E-3 -1.342E-2
   L3 4.775E+3 8.308E-3 8.852E-5 -8.215E-3 1.363E-2 -2.063E-2
   M1 1.122E+3 2.059E-2 1.426E-4 -1.591E-2 -5.92E-4 06.979E-2
   M2 9.897E+2 2.719E-2 1.289E-4 -2.856E-2 5.108E-3 01.423E-1
   M3 9.265E+2 4.192E-2 2.072E-4 -4.313E-2 -6.96E-3 02.860E-1
   M4 6.909E+2 6.743E-2 5.148E-4 -7.646E-2 7.799E-2 02.366E-1
   M5 6.774E+2 8.441E-2 6.421E-4 -9.566E-2 9.459E-2 03.282E-1
55 K  3.599E+4 6.986E-4 3.527E-5 -8.204E-4 1.418E-3 -2.592E-3
   L1 5.685E+3 4.349E-3 5.125E-5 -4.267E-3 2.932E-3 -9.391E-4
   L2 5.364E+3 5.176E-3 6.041E-5 -5.119E-3 8.485E-3 -1.280E-2
   L3 5.006E+3 7.903E-3 8.666E-5 -7.741E-3 1.274E-2 -1.886E-2
   M1 1.197E+3 1.930E-2 1.390E-4 -1.423E-2 -3.97E-3 09.048E-2
   M2 1.060E+3 2.541E-2 1.266E-4 -2.540E-2 -3.10E-3 01.716E-1
   M3 9.906E+2 3.929E-2 2.022E-4 -3.869E-2 -1.24E-2 02.953E-1
   M4 7.477E+2 6.341E-2 4.726E-4 -7.127E-2 7.687E-2 02.731E-1
   M5 7.328E+2 7.948E-2 5.899E-4 -8.973E-2 1.054E-1 03.074E-1
56 K  3.745E+4 6.725E-4 3.483E-5 -8.017E-4 1.484E-3 -2.865E-3
   L1 5.961E+3 4.141E-3 5.020E-5 -4.060E-3 2.942E-3 -1.640E-3
   L2 5.631E+3 4.919E-3 5.897E-5 -4.850E-3 8.176E-3 -1.285E-2
   L3 5.243E+3 7.528E-3 8.456E-5 -7.348E-3 1.228E-2 -1.896E-2
   M1 1.274E+3 1.819E-2 1.222E-4 -1.542E-2 1.425E-2 -1.665E-2
   M2 1.133E+3 2.358E-2 1.081E-4 -2.573E-2 1.984E-2 02.384E-2
   M3 1.057E+3 3.658E-2 1.698E-4 -3.978E-2 2.632E-2 05.485E-2
   M4 8.066E+2 5.603E-2 3.820E-4 -6.539E-2 1.141E-1 -1.498E-1
   M5 7.903E+2 7.022E-2 4.736E-4 -8.212E-2 1.445E-1 -1.905E-1
57 K  3.894E+4 6.474E-4 3.442E-5 -7.809E-4 1.509E-3 -2.971E-3
   L1 6.242E+3 3.948E-3 4.935E-5 -3.856E-3 2.860E-3 -1.800E-3
   L2 5.903E+3 4.680E-3 5.782E-5 -4.588E-3 7.735E-3 -1.214E-2
   L3 5.484E+3 7.182E-3 8.287E-5 -6.966E-3 1.164E-2 -1.796E-2
   M1 1.351E+3 1.716E-2 1.159E-4 -1.476E-2 1.661E-2 -3.079E-2
   M2 1.205E+3 2.211E-2 1.027E-4 -2.409E-2 2.055E-2 07.598E-3
   M3 1.123E+3 3.440E-2 1.600E-4 -3.748E-2 2.916E-2 02.235E-2
   M4 8.648E+2 5.197E-2 3.457E-4 -6.061E-2 1.157E-1 -2.043E-1
   M5 8.470E+2 6.513E-2 4.287E-4 -7.606E-2 1.456E-1 -2.547E-1
58 K  4.046E+4 6.240E-4 3.401E-5 -7.619E-4 1.531E-3 -3.064E-3
   L1 6.522E+3 3.772E-3 4.862E-5 -3.672E-3 2.736E-3 -1.747E-3
   L2 6.173E+3 4.468E-3 5.674E-5 -4.373E-3 7.491E-3 -1.208E-2
   L3 5.720E+3 6.874E-3 8.144E-5 -6.634E-3 1.107E-2 -1.701E-2
   M1 1.419E+3 1.635E-2 1.116E-4 -1.411E-2 1.671E-2 -3.262E-2
   M2 1.269E+3 2.099E-2 9.920E-5 -2.284E-2 1.998E-2 04.276E-3
   M3 1.179E+3 3.277E-2 1.546E-4 -3.568E-2 2.852E-2 01.626E-2
   M4 9.144E+2 4.912E-2 3.278E-4 -5.708E-2 1.103E-1 -1.987E-1
   M5 8.949E+2 6.158E-2 4.081E-4 -7.158E-2 1.384E-1 -2.473E-1
59 K  4.202E+4 6.015E-4 3.364E-5 -7.419E-4 1.539E-3 -3.117E-3
   L1 6.808E+3 3.608E-3 4.791E-5 -3.503E-3 2.632E-3 -1.727E-3
   L2 6.451E+3 4.266E-3 5.589E-5 -4.147E-3 6.983E-3 -1.093E-2
   L3 5.962E+3 6.585E-3 8.008E-5 -6.328E-3 1.056E-2 -1.623E-2
   M1 1.489E+3 1.559E-2 1.075E-4 -1.351E-2 1.680E-2 -3.436E-2
   M2 1.335E+3 1.995E-2 9.631E-5 -2.165E-2 1.887E-2 03.688E-3
   M3 1.237E+3 3.127E-2 1.499E-4 -3.400E-2 2.761E-2 01.243E-2
   M4 9.647E+2 4.654E-2 3.115E-4 -5.396E-2 1.059E-1 -1.949E-1
   M5 9.434E+2 5.835E-2 3.899E-4 -6.747E-2 1.313E-1 -2.385E-1
60 K  4.361E+4 5.809E-4 3.324E-5 -7.270E-4 1.578E-3 -3.276E-3
   L1 7.102E+3 3.453E-3 4.725E-5 -3.343E-3 2.529E-3 -1.694E-3
   L2 6.736E+3 4.078E-3 5.502E-5 -3.948E-3 6.646E-3 -1.039E-2
   L3 6.208E+3 6.317E-3 7.872E-5 -6.057E-3 1.026E-2 -1.615E-2
   M1 1.561E+3 1.488E-2 1.040E-4 -1.291E-2 1.646E-2 -3.447E-2
   M2 1.402E+3 1.900E-2 9.318E-5 -2.060E-2 1.825E-2 01.952E-3
   M3 1.296E+3 2.987E-2 1.456E-4 -3.244E-2 2.656E-2 09.728E-3
   M4 1.016E+3 4.414E-2 2.984E-4 -5.087E-2 9.937E-2 -1.819E-1
   M5 9.928E+2 5.542E-2 3.722E-4 -6.388E-2 1.250E-1 -2.278E-1
61 K  4.523E+4 5.610E-4 3.286E-5 -7.094E-4 1.575E-3 -3.269E-3
   L1 7.402E+3 3.307E-3 4.663E-5 -3.192E-3 2.428E-3 -1.651E-3
   L2 7.027E+3 3.902E-3 5.419E-5 -3.765E-3 6.350E-3 -9.947E-3
   L3 6.459E+3 6.063E-3 7.753E-5 -5.790E-3 9.803E-3 -1.542E-2
   M1 1.634E+3 1.422E-2 1.005E-4 -1.238E-2 1.651E-2 -3.594E-2
   M2 1.471E+3 1.810E-2 9.062E-5 -1.959E-2 1.742E-2 01.057E-3
   M3 1.356E+3 2.857E-2 1.419E-4 -3.096E-2 2.532E-2 08.073E-3
   M4 1.068E+3 4.194E-2 2.863E-4 -4.813E-2 9.437E-2 -1.742E-1
   M5 1.043E+3 5.269E-2 3.580E-4 -6.035E-2 1.173E-1 -2.126E-1
62 K  4.688E+4 5.429E-4 3.245E-5 -6.977E-4 1.611E-3 -3.393E-3
   L1 7.710E+3 3.171E-3 4.599E-5 -3.059E-3 2.414E-3 -1.916E-3
   L2 7.326E+3 3.736E-3 5.343E-5 -3.590E-3 6.042E-3 -9.426E-3
   L3 6.715E+3 5.821E-3 7.653E-5 -5.522E-3 9.190E-3 -1.401E-2
   M1 1.709E+3 1.360E-2 9.761E-5 -1.182E-2 1.579E-2 -3.442E-2
   M2 1.541E+3 1.727E-2 8.817E-5 -1.866E-2 1.665E-2 02.931E-4
   M3 1.416E+3 2.736E-2 1.384E-4 -2.960E-2 2.423E-2 06.681E-3
   M4 1.121E+3 3.992E-2 2.749E-4 -4.562E-2 8.942E-2 -1.652E-1
   M5 1.094E+3 5.021E-2 3.430E-4 -5.736E-2 1.121E-1 -2.048E-1
63 K  4.858E+4 5.251E-4 3.209E-5 -6.826E-4 1.617E-3 -3.428E-3
   L1 8.026E+3 3.041E-3 4.546E-5 -2.920E-3 2.255E-3 -1.599E-3
   L2 7.633E+3 3.579E-3 5.269E-5 -3.429E-3 5.781E-3 -9.040E-3
   L3 6.976E+3 5.595E-3 7.549E-5 -5.286E-3 8.783E-3 -1.334E-2
   M1 1.786E+3 1.303E-2 9.414E-5 -1.141E-2 1.617E-2 -3.671E-2
   M2 1.613E+3 1.648E-2 8.607E-5 -1.776E-2 1.567E-2 04.606E-4
   M3 1.478E+3 2.623E-2 1.352E-4 -2.832E-2 2.309E-2 05.967E-3
   M4 1.176E+3 3.808E-2 2.632E-4 -4.348E-2 8.633E-2 -1.623E-1
   M5 1.146E+3 4.792E-2 3.296E-4 -5.460E-2 1.074E-1 -1.979E-1
64 K  5.030E+4 5.090E-4 3.169E-5 -6.720E-4 1.646E-3 -3.525E-3
   L1 8.350E+3 2.918E-3 4.491E-5 -2.796E-3 2.176E-3 -1.571E-3
   L2 7.947E+3 3.432E-3 5.200E-5 -3.277E-3 5.529E-3 -8.648E-3
   L3 7.242E+3 5.385E-3 7.441E-5 -5.081E-3 8.583E-3 -1.342E-2
   M1 1.864E+3 1.247E-2 9.167E-5 -1.090E-2 1.546E-2 -3.533E-2
   M2 1.687E+3 1.576E-2 8.385E-5 -1.696E-2 1.513E-2 -5.513E-4
   M3 1.541E+3 2.516E-2 1.321E-4 -2.715E-2 2.220E-2 04.554E-3
   M4 1.231E+3 3.636E-2 2.525E-4 -4.151E-2 8.372E-2 -1.604E-1
   M5 1.199E+3 4.578E-2 3.174E-4 -5.204E-2 1.032E-1 -1.928E-1
65 K  5.207E+4 4.936E-4 3.130E-5 -6.625E-4 1.684E-3 -3.669E-3
   L1 8.681E+3 2.803E-3 4.439E-5 -2.679E-3 2.102E-3 -1.550E-3
   L2 8.269E+3 3.292E-3 5.135E-5 -3.132E-3 5.283E-3 -8.251E-3
   L3 7.513E+3 5.182E-3 7.357E-5 -4.858E-3 8.060E-3 -1.219E-2
   M1 1.945E+3 1.195E-2 8.909E-5 -1.045E-2 1.504E-2 -3.468E-2
   M2 1.763E+3 1.507E-2 8.195E-5 -1.617E-2 1.425E-2 -9.558E-5
   M3 1.605E+3 2.417E-2 1.291E-4 -2.605E-2 2.140E-2 03.086E-3
   M4 1.288E+3 3.474E-2 2.436E-4 -3.954E-2 7.996E-2 -1.540E-1
   M5 1.253E+3 4.380E-2 3.058E-4 -4.970E-2 9.931E-2 -1.871E-1
66 K  5.387E+4 4.787E-4 3.093E-5 -6.513E-4 1.699E-3 -3.727E-3
   L1 9.021E+3 2.693E-3 4.389E-5 -2.568E-3 2.031E-3 -1.527E-3
   L2 8.599E+3 3.159E-3 5.078E-5 -2.992E-3 5.007E-3 -7.718E-3
   L3 7.789E+3 4.992E-3 7.269E-5 -4.663E-3 7.734E-3 -1.169E-2
   M1 2.028E+3 1.147E-2 8.670E-5 -1.002E-2 1.462E-2 -3.417E-2
   M2 1.840E+3 1.442E-2 7.980E-5 -1.549E-2 1.389E-2 -1.266E-3
   M3 1.671E+3 2.324E-2 1.259E-4 -2.506E-2 2.080E-2 01.924E-3
   M4 1.345E+3 3.325E-2 2.346E-4 -3.779E-2 7.697E-2 -1.495E-1
   M5 1.308E+3 4.193E-2 2.956E-4 -4.743E-2 9.487E-2 -1.793E-1
67 K  5.571E+4 4.644E-4 3.058E-5 -6.396E-4 1.700E-3 -3.732E-3
   L1 9.369E+3 2.589E-3 4.343E-5 -2.466E-3 2.009E-3 -1.699E-3
   L2 8.937E+3 3.036E-3 5.010E-5 -2.877E-3 4.917E-3 -7.841E-3
   L3 8.070E+3 4.814E-3 7.173E-5 -4.495E-3 7.589E-3 -1.182E-2
   M1 2.112E+3 1.100E-2 8.444E-5 -9.620E-3 1.420E-2 -3.351E-2
   M2 1.920E+3 1.381E-2 7.810E-5 -1.480E-2 1.317E-2 -1.076E-3
   M3 1.737E+3 2.236E-2 1.233E-4 -2.410E-2 2.015E-2 06.754E-4
   M4 1.404E+3 3.183E-2 2.271E-4 -3.605E-2 7.324E-2 -1.420E-1
   M5 1.364E+3 4.021E-2 2.850E-4 -4.545E-2 9.162E-2 -1.746E-1
68 K  5.758E+4 4.509E-4 3.021E-5 -6.290E-4 1.701E-3 -3.728E-3
   L1 9.725E+3 2.488E-3 4.303E-5 -2.354E-3 1.803E-3 -1.114E-3
   L2 9.284E+3 2.916E-3 4.962E-5 -2.748E-3 4.638E-3 -7.251E-3
   L3 8.355E+3 4.640E-3 7.112E-5 -4.294E-3 7.017E-3 -1.028E-2
   M1 2.199E+3 1.057E-2 8.228E-5 -9.237E-3 1.380E-2 -3.289E-2
   M2 2.001E+3 1.324E-2 7.624E-5 -1.418E-2 1.270E-2 -1.458E-3
   M3 1.805E+3 2.153E-2 1.210E-4 -2.315E-2 1.917E-2 06.436E-4
   M4 1.464E+3 3.051E-2 2.200E-4 -3.446E-2 7.027E-2 -1.371E-1
   M5 1.421E+3 3.859E-2 2.757E-4 -4.356E-2 8.834E-2 -1.696E-1
69 K  5.950E+4 4.384E-4 2.985E-5 -6.206E-4 1.719E-3 -3.790E-3
   L1 1.009E+4 2.396E-3 4.255E-5 -2.266E-3 1.793E-3 -1.266E-3
   L2 9.638E+3 2.804E-3 4.907E-5 -2.635E-3 4.438E-3 -6.896E-3
   L3 8.646E+3 4.478E-3 7.037E-5 -4.129E-3 6.759E-3 -9.953E-3
   M1 2.287E+3 1.015E-2 8.021E-5 -8.862E-3 1.327E-2 -3.169E-2
   M2 2.085E+3 1.271E-2 7.435E-5 -1.362E-2 1.245E-2 -2.504E-3
   M3 1.874E+3 2.074E-2 1.185E-4 -2.230E-2 1.852E-2 -8.469E-5
   M4 1.525E+3 2.927E-2 2.133E-4 -3.296E-2 6.684E-2 -1.292E-1
   M5 1.479E+3 3.707E-2 2.670E-4 -4.177E-2 8.476E-2 -1.625E-1
70 K  6.145E+4 4.264E-4 2.948E-5 -6.128E-4 1.737E-3 -3.850E-3
   L1 1.046E+4 2.307E-3 4.210E-5 -2.183E-3 1.787E-3 -1.436E-3
   L2 1.000E+4 2.694E-3 4.871E-5 -2.508E-3 4.110E-3 -6.124E-3
   L3 8.942E+3 4.328E-3 6.951E-5 -3.990E-3 6.620E-3 -9.939E-3
   M1 2.378E+3 9.758E-3 7.844E-5 -8.497E-3 1.279E-2 -3.080E-2
   M2 2.171E+3 1.219E-2 7.291E-5 -1.306E-2 1.203E-2 -2.874E-3
   M3 1.945E+3 2.000E-2 1.163E-4 -2.148E-2 1.780E-2 -2.652E-4
   M4 1.587E+3 2.811E-2 2.068E-4 -3.160E-2 6.424E-2 -1.244E-1
   M5 1.538E+3 3.565E-2 2.590E-4 -4.013E-2 8.214E-2 -1.591E-1
71 K  6.344E+4 4.151E-4 2.912E-5 -6.056E-4 1.755E-3 -3.911E-3
   L1 1.085E+4 2.223E-3 4.165E-5 -2.104E-3 1.782E-3 -1.591E-3
   L2 1.037E+4 2.597E-3 4.805E-5 -2.426E-3 4.086E-3 -6.320E-3
   L3 9.243E+3 4.183E-3 6.880E-5 -3.851E-3 6.460E-3 -9.877E-3
   M1 2.471E+3 9.390E-3 7.641E-5 -8.198E-3 1.264E-2 -3.076E-2
   M2 2.259E+3 1.171E-2 7.126E-5 -1.253E-2 1.159E-2 -3.055E-3
   M3 2.016E+3 1.930E-2 1.142E-4 -2.071E-2 1.710E-2 -4.826E-4
   M4 1.651E+3 2.702E-2 2.008E-4 -3.033E-2 6.188E-2 -1.204E-1
   M5 1.597E+3 3.431E-2 2.514E-4 -3.857E-2 7.923E-2 -1.542E-1
72 K  6.548E+4 4.043E-4 2.876E-5 -5.989E-4 1.774E-3 -3.975E-3
   L1 1.125E+4 2.141E-3 4.121E-5 -2.023E-3 1.751E-3 -1.651E-3
   L2 1.076E+4 2.498E-3 4.757E-5 -2.326E-3 3.928E-3 -6.111E-3
   L3 9.558E+3 4.038E-3 6.815E-5 -3.695E-3 6.128E-3 -9.207E-3
   M1 2.576E+3 9.003E-3 7.408E-5 -7.893E-3 1.275E-2 -3.232E-2
   M2 2.359E+3 1.119E-2 6.949E-5 -1.194E-2 1.128E-2 -4.879E-3
   M3 2.099E+3 1.852E-2 1.116E-4 -1.981E-2 1.668E-2 -3.697E-3
   M4 1.725E+3 2.580E-2 1.919E-4 -2.891E-2 6.057E-2 -1.245E-1
   M5 1.668E+3 3.279E-2 2.399E-4 -3.687E-2 7.827E-2 -1.618E-1
73 K  6.757E+4 3.944E-4 2.837E-5 -5.946E-4 1.805E-3 -4.071E-3
   L1 1.166E+4 2.062E-3 4.080E-5 -1.945E-3 1.719E-3 -1.694E-3
   L2 1.116E+4 2.403E-3 4.711E-5 -2.231E-3 3.775E-3 -5.896E-3
   L3 9.879E+3 3.904E-3 6.736E-5 -3.572E-3 6.064E-3 -9.473E-3
   M1 2.685E+3 8.632E-3 7.207E-5 -7.586E-3 1.270E-2 -3.297E-2
   M2 2.462E+3 1.070E-2 6.800E-5 -1.136E-2 1.069E-2 -4.991E-3
   M3 2.184E+3 1.778E-2 1.088E-4 -1.898E-2 1.650E-2 -7.258E-3
   M4 1.802E+3 2.466E-2 1.838E-4 -2.761E-2 5.952E-2 -1.279E-1
   M5 1.741E+3 3.136E-2 2.299E-4 -3.518E-2 7.650E-2 -1.650E-1
74 K  6.969E+4 3.840E-4 2.804E-5 -5.851E-4 1.793E-3 -4.029E-3
   L1 1.208E+4 1.987E-3 4.041E-5 -1.872E-3 1.696E-3 -1.774E-3
   L2 1.157E+4 2.314E-3 4.663E-5 -2.142E-3 3.639E-3 -5.703E-3
   L3 1.021E+4 3.772E-3 6.677E-5 -3.429E-3 5.718E-3 -8.642E-3
   M1 2.797E+3 8.280E-3 7.016E-5 -7.288E-3 1.260E-2 -3.341E-2
   M2 2.568E+3 1.023E-2 6.642E-5 -1.083E-2 1.035E-2 -5.981E-3
   M3 2.271E+3 1.709E-2 1.063E-4 -1.820E-2 1.643E-2 -1.114E-2
   M4 1.881E+3 2.358E-2 1.767E-4 -2.630E-2 5.743E-2 -1.264E-1
   M5 1.815E+3 3.002E-2 2.206E-4 -3.358E-2 7.429E-2 -1.648E-1
75 K  7.186E+4 3.748E-4 2.768E-5 -5.803E-4 1.814E-3 -4.093E-3
   L1 1.251E+4 1.915E-3 4.003E-5 -1.801E-3 1.662E-3 -1.791E-3
   L2 1.199E+4 2.228E-3 4.622E-5 -2.056E-3 3.512E-3 -5.557E-3
   L3 1.054E+4 3.648E-3 6.614E-5 -3.303E-3 5.511E-3 -8.314E-3
   M1 2.912E+3 7.948E-3 6.823E-5 -7.014E-3 1.255E-2 -3.380E-2
   M2 2.678E+3 9.796E-3 6.489E-5 -1.034E-2 1.019E-2 -7.647E-3
   M3 2.360E+3 1.642E-2 1.041E-4 -1.742E-2 1.590E-2 -1.253E-2
   M4 1.961E+3 2.257E-2 1.703E-4 -2.506E-2 5.521E-2 -1.232E-1
   M5 1.892E+3 2.874E-2 2.130E-4 -3.197E-2 7.118E-2 -1.604E-1
76 K  7.407E+4 3.657E-4 2.733E-5 -5.740E-4 1.821E-3 -4.115E-3
   L1 1.295E+4 1.846E-3 3.968E-5 -1.730E-3 1.585E-3 -1.628E-3
   L2 1.242E+4 2.147E-3 4.579E-5 -1.976E-3 3.385E-3 -5.374E-3
   L3 1.088E+4 3.531E-3 6.554E-5 -3.190E-3 5.411E-3 -8.420E-3
   M1 3.030E+3 7.635E-3 6.633E-5 -6.765E-3 1.264E-2 -3.468E-2
   M2 2.791E+3 9.379E-3 6.359E-5 -9.856E-3 9.755E-3 -7.821E-3
   M3 2.451E+3 1.579E-2 1.023E-4 -1.666E-2 1.528E-2 -1.339E-2
   M4 2.044E+3 2.161E-2 1.652E-4 -2.381E-2 5.266E-2 -1.190E-1
   M5 1.970E+3 2.754E-2 2.060E-4 -3.044E-2 6.826E-2 -1.560E-1
77 K  7.632E+4 3.570E-4 2.700E-5 -5.675E-4 1.826E-3 -4.134E-3
   L1 1.340E+4 1.781E-3 3.931E-5 -1.667E-3 1.559E-3 -1.654E-3
   L2 1.287E+4 2.070E-3 4.536E-5 -1.901E-3 3.277E-3 -5.236E-3
   L3 1.122E+4 3.417E-3 6.501E-5 -3.068E-3 5.115E-3 -7.691E-3
   M1 3.152E+3 7.334E-3 6.469E-5 -6.500E-3 1.243E-2 -3.434E-2
   M2 2.907E+3 8.986E-3 6.229E-5 -9.404E-3 9.370E-3 -7.947E-3
   M3 2.545E+3 1.520E-2 1.002E-4 -1.598E-2 1.483E-2 -1.414E-2
   M4 2.129E+3 2.073E-2 1.592E-4 -2.280E-2 5.133E-2 -1.180E-1
   M5 2.050E+3 2.641E-2 1.998E-4 -2.898E-2 6.471E-2 -1.472E-1
78 K  7.862E+4 3.488E-4 2.665E-5 -5.629E-4 1.843E-3 -4.191E-3
   L1 1.386E+4 1.719E-3 3.895E-5 -1.608E-3 1.536E-3 -1.686E-3
   L2 1.331E+4 1.998E-3 4.489E-5 -1.838E-3 3.244E-3 -5.368E-3
   L3 1.157E+4 3.313E-3 6.432E-5 -2.981E-3 5.110E-3 -8.033E-3
   M1 3.274E+3 7.051E-3 6.336E-5 -6.234E-3 1.201E-2 -3.348E-2
   M2 3.023E+3 8.637E-3 6.042E-5 -9.088E-3 9.841E-3 -1.120E-2
   M3 2.637E+3 1.466E-2 9.830E-5 -1.539E-2 1.454E-2 -1.588E-2
   M4 2.212E+3 1.990E-2 1.545E-4 -2.181E-2 4.933E-2 -1.147E-1
   M5 2.129E+3 2.538E-2 1.934E-4 -2.777E-2 6.255E-2 -1.457E-1
79 K  8.096E+4 3.417E-4 2.628E-5 -5.614E-4 1.874E-3 -4.282E-3
   L1 1.434E+4 1.660E-3 3.860E-5 -1.551E-3 1.512E-3 -1.709E-3
   L2 1.378E+4 1.927E-3 4.450E-5 -1.769E-3 3.137E-3 -5.213E-3
   L3 1.192E+4 3.210E-3 6.382E-5 -2.871E-3 4.847E-3 -7.392E-3
   M1 3.402E+3 6.777E-3 6.194E-5 -5.987E-3 1.174E-2 -3.284E-2
   M2 3.145E+3 8.286E-3 5.917E-5 -8.695E-3 9.568E-3 -1.143E-2
   M3 2.734E+3 1.412E-2 9.652E-5 -1.477E-2 1.402E-2 -1.611E-2
   M4 2.301E+3 1.910E-2 1.504E-4 -2.080E-2 4.721E-2 -1.104E-1
   M5 2.212E+3 2.439E-2 1.877E-4 -2.661E-2 6.094E-2 -1.439E-1
80 K  8.335E+4 3.334E-4 2.597E-5 -5.529E-4 1.861E-3 -4.248E-3
   L1 1.483E+4 1.603E-3 3.825E-5 -1.497E-3 1.495E-3 -1.746E-3
   L2 1.426E+4 1.859E-3 4.414E-5 -1.699E-3 2.981E-3 -4.848E-3
   L3 1.229E+4 3.110E-3 6.331E-5 -2.770E-3 4.668E-3 -7.068E-3
   M1 3.538E+3 6.513E-3 6.047E-5 -5.752E-3 1.156E-2 -3.210E-2
   M2 3.275E+3 7.925E-3 5.887E-5 -8.176E-3 8.186E-3 -7.511E-3
   M3 2.837E+3 1.361E-2 9.436E-5 -1.420E-2 1.404E-2 -1.735E-2
   M4 2.395E+3 1.834E-2 1.458E-4 -1.986E-2 4.520E-2 -1.039E-1
   M5 2.300E+3 2.343E-2 1.824E-4 -2.534E-2 5.773E-2 -1.336E-1
81 K  8.580E+4 3.264E-4 2.562E-5 -5.497E-4 1.879E-3 -4.307E-3
   L1 1.533E+4 1.547E-3 3.793E-5 -1.444E-3 1.493E-3 -1.860E-3
   L2 1.475E+4 1.792E-3 4.383E-5 -1.630E-3 2.857E-3 -4.636E-3
   L3 1.266E+4 3.014E-3 6.281E-5 -2.674E-3 4.518E-3 -6.843E-3
   M1 3.679E+3 6.248E-3 5.952E-5 -5.444E-3 1.056E-2 -2.786E-2
   M2 3.410E+3 7.597E-3 5.778E-5 -7.782E-3 7.696E-3 -6.253E-3
   M3 2.944E+3 1.308E-2 9.366E-5 -1.343E-2 1.215E-2 -1.151E-2
   M4 2.493E+3 1.758E-2 1.435E-4 -1.873E-2 4.179E-2 -9.246E-2
   M5 2.393E+3 2.249E-2 1.784E-4 -2.404E-2 5.426E-2 -1.213E-1
82 K  8.829E+4 3.192E-4 2.530E-5 -5.440E-4 1.882E-3 -4.322E-3
   L1 1.585E+4 1.495E-3 3.757E-5 -1.393E-3 1.455E-3 -1.779E-3
   L2 1.525E+4 1.731E-3 4.339E-5 -1.579E-3 2.840E-3 -4.764E-3
   L3 1.304E+4 2.926E-3 6.218E-5 -2.600E-3 4.517E-3 -7.129E-3
   M1 3.824E+3 6.009E-3 5.805E-5 -5.242E-3 1.061E-2 -2.837E-2
   M2 3.549E+3 7.279E-3 5.708E-5 -7.372E-3 6.992E-3 -4.405E-3
   M3 3.054E+3 1.261E-2 9.207E-5 -1.284E-2 1.140E-2 -9.438E-3
   M4 2.594E+3 1.689E-2 1.400E-4 -1.784E-2 3.977E-2 -8.537E-2
   M5 2.488E+3 2.162E-2 1.748E-4 -2.285E-2 5.131E-2 -1.112E-1
83 K  9.083E+4 3.126E-4 2.497E-5 -5.396E-4 1.884E-3 -4.319E-3
   L1 1.638E+4 1.445E-3 3.724E-5 -1.346E-3 1.444E-3 -1.811E-3
   L2 1.577E+4 1.671E-3 4.309E-5 -1.515E-3 2.691E-3 -4.391E-3
   L3 1.342E+4 2.838E-3 6.171E-5 -2.512E-3 4.357E-3 -6.810E-3
   M1 3.974E+3 5.772E-3 5.703E-5 -4.995E-3 1.012E-2 -2.642E-2
   M2 3.693E+3 6.980E-3 5.620E-5 -7.001E-3 6.431E-3 -2.874E-3
   M3 3.166E+3 1.214E-2 9.122E-5 -1.219E-2 9.993E-3 -4.930E-3
   M4 2.697E+3 1.623E-2 1.366E-4 -1.696E-2 3.715E-2 -7.527E-2
   M5 2.585E+3 2.079E-2 1.706E-4 -2.174E-2 4.832E-2 -9.999E-2
84 K  9.342E+4 3.057E-4 2.466E-5 -5.332E-4 1.880E-3 -4.321E-3
   L1 1.692E+4 1.396E-3 3.693E-5 -1.300E-3 1.443E-3 -1.905E-3
   L2 1.630E+4 1.613E-3 4.274E-5 -1.460E-3 2.605E-3 -4.248E-3
   L3 1.382E+4 2.754E-3 6.130E-5 -2.426E-3 4.198E-3 -6.491E-3
   M1 4.128E+3 5.549E-3 5.600E-5 -4.766E-3 9.638E-3 -2.446E-2
   M2 3.841E+3 6.697E-3 5.541E-5 -6.657E-3 6.000E-3 -1.835E-3
   M3 3.281E+3 1.170E-2 8.966E-5 -1.166E-2 9.385E-3 -3.162E-3
   M4 2.803E+3 1.562E-2 1.333E-4 -1.619E-2 3.561E-2 -6.971E-2
   M5 2.684E+3 2.002E-2 1.665E-4 -2.075E-2 4.607E-2 -9.152E-2
85 K  9.607E+4 3.001E-4 2.431E-5 -5.318E-4 1.904E-3 -4.392E-3
   L1 1.747E+4 1.350E-3 3.658E-5 -1.259E-3 1.428E-3 -1.892E-3
   L2 1.684E+4 1.559E-3 4.235E-5 -1.412E-3 2.550E-3 -4.188E-3
   L3 1.421E+4 2.673E-3 6.090E-5 -2.338E-3 3.970E-3 -5.873E-3
   M1 4.286E+3 5.339E-3 5.487E-5 -4.568E-3 9.382E-3 -2.338E-2
   M2 3.993E+3 6.430E-3 5.449E-5 -6.346E-3 5.658E-3 -9.983E-4
   M3 3.398E+3 1.128E-2 8.887E-5 -1.110E-2 8.344E-3 08.045E-5
   M4 2.911E+3 1.501E-2 1.314E-4 -1.528E-2 3.223E-2 -5.716E-2
   M5 2.785E+3 1.925E-2 1.640E-4 -1.957E-2 4.128E-2 -7.294E-2
86 K  9.876E+4 2.942E-4 2.398E-5 -5.281E-4 1.910E-3 -4.412E-3
   L1 1.804E+4 1.305E-3 3.630E-5 -1.214E-3 1.397E-3 -1.858E-3
   L2 1.740E+4 1.507E-3 4.201E-5 -1.366E-3 2.523E-3 -4.269E-3
   L3 1.462E+4 2.597E-3 6.039E-5 -2.269E-3 3.886E-3 -5.757E-3
   M1 4.449E+3 5.136E-3 5.392E-5 -4.362E-3 8.974E-3 -2.179E-2
   M2 4.149E+3 6.172E-3 5.383E-5 -6.025E-3 5.142E-3 03.760E-4
   M3 3.518E+3 1.089E-2 8.767E-5 -1.060E-2 7.645E-3 02.145E-3
   M4 3.022E+3 1.447E-2 1.280E-4 -1.465E-2 3.121E-2 -5.346E-2
   M5 2.889E+3 1.853E-2 1.615E-4 -1.852E-2 3.757E-2 -5.940E-2
87 K  1.015E+5 2.860E-4 2.380E-5 -5.119E-4 1.838E-3 -4.205E-3
   L1 1.863E+4 1.263E-3 3.594E-5 -1.178E-3 1.409E-3 -1.938E-3
   L2 1.797E+4 1.456E-3 4.168E-5 -1.316E-3 2.416E-3 -3.992E-3
   L3 1.503E+4 2.523E-3 5.993E-5 -2.199E-3 3.784E-3 -5.581E-3
   M1 4.620E+3 4.937E-3 5.296E-5 -4.145E-3 8.346E-3 -1.880E-2
   M2 4.314E+3 5.958E-3 5.116E-5 -5.888E-3 5.654E-3 -5.591E-4
   M3 3.645E+3 1.064E-2 8.017E-5 -1.097E-2 1.437E-2 -2.068E-2
   M4 3.139E+3 1.416E-2 1.169E-4 -1.552E-2 4.484E-2 -1.022E-1
   M5 2.999E+3 1.787E-2 1.578E-4 -1.773E-2 3.670E-2 -5.534E-2
88 K  1.043E+5 2.799E-4 2.352E-5 -5.064E-4 1.848E-3 -4.272E-3
   L1 1.923E+4 1.222E-3 3.566E-5 -1.138E-3 1.390E-3 -1.966E-3
   L2 1.856E+4 1.408E-3 4.134E-5 -1.272E-3 2.359E-3 -3.950E-3
   L3 1.546E+4 2.451E-3 5.951E-5 -2.130E-3 3.687E-3 -5.504E-3
   M1 4.796E+3 4.751E-3 5.179E-5 -4.023E-3 8.626E-3 -2.123E-2
   M2 4.483E+3 5.678E-3 5.201E-5 -5.485E-3 4.779E-3 -3.507E-4
   M3 3.774E+3 1.012E-2 8.501E-5 -9.718E-3 7.140E-3 04.418E-4
   M4 3.259E+3 1.333E-2 1.211E-4 -1.329E-2 2.849E-2 -4.947E-2
   M5 3.111E+3 1.717E-2 1.515E-4 -1.708E-2 3.676E-2 -6.308E-2
89 K  1.072E+5 2.751E-4 2.318E-5 -5.050E-4 1.865E-3 -4.316E-3
   L1 1.985E+4 1.184E-3 3.528E-5 -1.109E-3 1.441E-3 -2.213E-3
   L2 1.916E+4 1.361E-3 4.105E-5 -1.230E-3 2.333E-3 -4.039E-3
   L3 1.588E+4 2.384E-3 5.901E-5 -2.072E-3 3.634E-3 -5.513E-3
   M1 4.975E+3 4.574E-3 5.067E-5 -3.890E-3 8.629E-3 -2.202E-2
   M2 4.656E+3 5.450E-3 5.106E-5 -5.258E-3 4.783E-3 -1.738E-3
   M3 3.904E+3 9.761E-3 8.342E-5 -9.377E-3 7.381E-3 -2.925E-3
   M4 3.379E+3 1.281E-2 1.169E-4 -1.279E-2 2.836E-2 -5.413E-2
   M5 3.223E+3 1.649E-2 1.458E-4 -1.641E-2 3.646E-2 -6.954E-2
90 K  1.101E+5 2.677E-4 2.300E-5 -4.902E-4 1.803E-3 -4.147E-3
   L1 2.047E+4 1.145E-3 3.503E-5 -1.070E-3 1.386E-3 -2.073E-3
   L2 1.978E+4 1.317E-3 4.072E-5 -1.189E-3 2.249E-3 -3.831E-3
   L3 1.631E+4 2.319E-3 5.865E-5 -2.009E-3 3.532E-3 -5.353E-3
   M1 5.153E+3 4.408E-3 4.982E-5 -3.737E-3 8.374E-3 -2.144E-2
   M2 4.827E+3 5.243E-3 5.031E-5 -5.037E-3 4.614E-3 -1.858E-3
   M3 4.031E+3 9.442E-3 8.234E-5 -9.025E-3 7.105E-3 -3.120E-3
   M4 3.497E+3 1.237E-2 1.139E-4 -1.232E-2 2.778E-2 -5.426E-2
   M5 3.333E+3 1.592E-2 1.421E-4 -1.582E-2 3.576E-2 -6.989E-2
91 K  1.131E+5 2.629E-4 2.268E-5 -4.878E-4 1.818E-3 -4.205E-3
   L1 2.111E+4 1.111E-3 3.466E-5 -1.045E-3 1.437E-3 -2.304E-3
   L2 2.040E+4 1.275E-3 4.041E-5 -1.152E-3 2.206E-3 -3.794E-3
   L3 1.674E+4 2.258E-3 5.820E-5 -1.957E-3 3.478E-3 -5.326E-3
   M1 5.335E+3 4.250E-3 4.904E-5 -3.586E-3 8.078E-3 -2.067E-2
   M2 5.003E+3 5.045E-3 4.960E-5 -4.825E-3 4.426E-3 -1.854E-3
   M3 4.159E+3 9.141E-3 8.130E-5 -8.695E-3 6.845E-3 -3.228E-3
   M4 3.616E+3 1.193E-2 1.117E-4 -1.181E-2 2.645E-2 -5.124E-2
   M5 3.443E+3 1.538E-2 1.392E-4 -1.518E-2 3.409E-2 -6.615E-2
92 K  1.161E+5 2.582E-4 2.236E-5 -4.846E-4 1.818E-3 -4.195E-3
   L1 2.177E+4 1.076E-3 3.440E-5 -1.011E-3 1.418E-3 -2.302E-3
   L2 2.104E+4 1.233E-3 4.015E-5 -1.113E-3 2.142E-3 -3.699E-3
   L3 1.718E+4 2.200E-3 5.778E-5 -1.906E-3 3.423E-3 -5.287E-3
   M1 5.522E+3 4.100E-3 4.825E-5 -3.449E-3 7.871E-3 -2.026E-2
   M2 5.182E+3 4.856E-3 4.901E-5 -4.613E-3 4.183E-3 -1.578E-3
   M3 4.289E+3 8.849E-3 8.048E-5 -8.353E-3 6.355E-3 -2.375E-3
   M4 3.736E+3 1.153E-2 1.094E-4 -1.136E-2 2.556E-2 -4.977E-2
   M5 3.554E+3 1.488E-2 1.358E-4 -1.467E-2 3.354E-2 -6.647E-2
93 K  1.192E+5 2.544E-4 2.200E-5 -4.853E-4 1.847E-3 -4.283E-3
   L1 2.244E+4 1.043E-3 3.407E-5 -9.834E-4 1.409E-3 -2.287E-3
   L2 2.170E+4 1.194E-3 3.985E-5 -1.079E-3 2.104E-3 -3.668E-3
   L3 1.763E+4 2.143E-3 5.741E-5 -1.854E-3 3.350E-3 -5.193E-3
   M1 5.712E+3 3.957E-3 4.751E-5 -3.314E-3 7.621E-3 -1.963E-2
   M2 5.366E+3 4.675E-3 4.839E-5 -4.418E-3 3.955E-3 -1.287E-3
   M3 4.421E+3 8.576E-3 7.957E-5 -8.054E-3 6.122E-3 -2.519E-3
   M4 3.859E+3 1.115E-2 1.071E-4 -1.094E-2 2.476E-2 -4.848E-2
   M5 3.667E+3 1.440E-2 1.331E-4 -1.413E-2 3.244E-2 -6.455E-2
94 K  1.223E+5 2.494E-4 2.173E-5 -4.797E-4 1.840E-3 -4.271E-3
   L1 2.313E+4 1.010E-3 3.381E-5 -9.523E-4 1.385E-3 -2.260E-3
   L2 2.238E+4 1.157E-3 3.949E-5 -1.051E-3 2.091E-3 -3.704E-3
   L3 1.808E+4 2.090E-3 5.699E-5 -1.812E-3 3.365E-3 -5.424E-3
   M1 5.908E+3 3.820E-3 4.680E-5 -3.185E-3 7.392E-3 -1.908E-2
   M2 5.555E+3 4.505E-3 4.777E-5 -4.238E-3 3.794E-3 -1.230E-3
   M3 4.555E+3 8.317E-3 7.863E-5 -7.779E-3 5.893E-3 -2.422E-3
   M4 3.983E+3 1.078E-2 1.051E-4 -1.054E-2 2.393E-2 -4.702E-2
   M5 3.781E+3 1.394E-2 1.307E-4 -1.360E-2 3.100E-2 -6.109E-2
95 K  1.256E+5 2.452E-4 2.140E-5 -4.758E-4 1.832E-3 -4.242E-3
   L1 2.383E+4 9.797E-4 3.352E-5 -9.239E-4 1.355E-3 -2.171E-3
   L2 2.307E+4 1.121E-3 3.920E-5 -1.020E-3 2.060E-3 -3.686E-3
   L3 1.853E+4 2.035E-3 5.670E-5 -1.753E-3 3.157E-3 -4.769E-3
   M1 6.108E+3 3.688E-3 4.613E-5 -3.060E-3 7.154E-3 -1.850E-2
   M2 5.748E+3 4.342E-3 4.710E-5 -4.073E-3 3.684E-3 -1.300E-3
   M3 4.690E+3 8.071E-3 7.771E-5 -7.520E-3 5.722E-3 -2.550E-3
   M4 4.108E+3 1.044E-2 1.032E-4 -1.017E-2 2.320E-2 -4.577E-2
   M5 3.897E+3 1.351E-2 1.282E-4 -1.313E-2 3.011E-2 -5.964E-2
96 K  1.288E+5 2.416E-4 2.105E-5 -4.754E-4 1.848E-3 -4.288E-3
   L1 2.455E+4 9.505E-4 3.321E-5 -8.996E-4 1.365E-3 -2.251E-3
   L2 2.378E+4 1.073E-3 3.980E-5 -9.264E-4 1.665E-3 -2.683E-3
   L3 1.899E+4 1.986E-3 5.631E-5 -1.711E-3 3.127E-3 -4.800E-3
   M1 6.313E+3 3.562E-3 4.548E-5 -2.940E-3 6.911E-3 -1.789E-2
   M2 5.946E+3 4.186E-3 4.651E-5 -3.909E-3 3.563E-3 -1.374E-3
   M3 4.828E+3 7.835E-3 7.684E-5 -7.281E-3 5.616E-3 -2.913E-3
   M4 4.236E+3 1.010E-2 1.017E-4 -9.811E-3 2.256E-2 -4.462E-2
   M5 4.014E+3 1.310E-2 1.257E-4 -1.272E-2 2.967E-2 -5.989E-2
97 K  1.322E+5 2.367E-4 2.082E-5 -4.687E-4 1.835E-3 -4.263E-3
   L1 2.529E+4 9.225E-4 3.291E-5 -8.775E-4 1.398E-3 -2.427E-3
   L2 2.450E+4 1.048E-3 3.887E-5 -9.404E-4 1.850E-3 -3.195E-3
   L3 1.946E+4 1.936E-3 5.601E-5 -1.664E-3 3.040E-3 -4.648E-3
   M1 6.523E+3 3.441E-3 4.487E-5 -2.822E-3 6.666E-3 -1.728E-2
   M2 6.149E+3 4.037E-3 4.591E-5 -3.757E-3 3.434E-3 -1.288E-3
   M3 4.968E+3 7.606E-3 7.610E-5 -7.026E-3 5.321E-3 -2.493E-3
   M4 4.366E+3 9.794E-3 9.964E-5 -9.471E-3 2.177E-2 -4.322E-2
   M5 4.133E+3 1.270E-2 1.236E-4 -1.229E-2 2.874E-2 -5.812E-2
98 K  1.356E+5 2.310E-4 2.065E-5 -4.584E-4 1.806E-3 -4.202E-3
   L1 2.605E+4 8.951E-4 3.262E-5 -8.531E-4 1.376E-3 -2.364E-3
   L2 2.525E+4 1.012E-3 3.885E-5 -8.957E-4 1.744E-3 -3.020E-3
   L3 1.993E+4 1.892E-3 5.558E-5 -1.636E-3 3.084E-3 -4.891E-3
   M1 6.739E+3 3.325E-3 4.430E-5 -2.708E-3 6.424E-3 -1.668E-2
   M2 6.358E+3 3.894E-3 4.530E-5 -3.614E-3 3.348E-3 -1.386E-3
   M3 5.109E+3 7.390E-3 7.532E-5 -6.799E-3 5.144E-3 -2.461E-3
   M4 4.498E+3 9.494E-3 9.802E-5 -9.148E-3 2.111E-2 -4.202E-2
   M5 4.253E+3 1.232E-2 1.218E-4 -1.184E-2 2.741E-2 -5.468E-2
99 K  1.391E+5 2.268E-4 2.036E-5 -4.533E-4 1.795E-3 -4.172E-3
   L1 2.683E+4 8.700E-4 3.228E-5 -8.376E-4 1.441E-3 -2.644E-3
   L2 2.601E+4 9.851E-4 3.828E-5 -8.887E-4 1.806E-3 -3.203E-3
   L3 2.041E+4 1.848E-3 5.517E-5 -1.603E-3 3.114E-3 -5.171E-3
   M1 6.960E+3 3.214E-3 4.370E-5 -2.603E-3 6.224E-3 -1.619E-2
   M2 6.572E+3 3.757E-3 4.474E-5 -3.476E-3 3.255E-3 -1.423E-3
   M3 5.253E+3 7.182E-3 7.457E-5 -6.581E-3 4.958E-3 -2.330E-3
   M4 4.632E+3 9.208E-3 9.652E-5 -8.838E-3 2.045E-2 -4.076E-2
   M5 4.375E+3 1.197E-2 1.196E-4 -1.150E-2 2.708E-2 -5.500E-2