1.337500000000000078e-01
1.106250000000000011e-01
9.687500000000000278e-02
1.000000000000000056e-01
1.199999999999999956e-01
1.743750000000000022e-01
1.731250000000000011e-01
2.149999999999999967e-01
2.343750000000000000e-01
2.693749999999999756e-01
2.762499999999999956e-01
2.718749999999999778e-01
2.718749999999999778e-01
2.237500000000000044e-01
2.312500000000000111e-01
2.143750000000000100e-01
2.174999999999999989e-01
2.581249999999999933e-01
2.593750000000000222e-01
3.043750000000000067e-01
2.981249999999999734e-01
3.056249999999999800e-01
3.175000000000000044e-01
3.049999999999999933e-01
3.537500000000000089e-01
4.262500000000000178e-01
6.093750000000000000e-01
9.343749999999999556e-01
1.371250000000000080e+00
1.883124999999999938e+00
2.368749999999999911e+00
2.616874999999999840e+00
2.703749999999999876e+00
2.428749999999999964e+00
1.991249999999999964e+00
1.567499999999999893e+00
1.033125000000000071e+00
7.131250000000000089e-01
4.550000000000000155e-01
3.250000000000000111e-01
2.312500000000000111e-01
2.193749999999999867e-01
2.256249999999999922e-01
2.149999999999999967e-01
2.068750000000000033e-01
2.443750000000000089e-01
2.349999999999999867e-01
2.368750000000000022e-01
2.681250000000000022e-01
2.556249999999999911e-01
2.431250000000000078e-01
2.656250000000000000e-01
2.687499999999999889e-01
2.525000000000000022e-01
2.462499999999999967e-01
2.243749999999999911e-01
2.387499999999999900e-01
2.537499999999999756e-01
2.693749999999999756e-01
2.756250000000000089e-01
2.543750000000000178e-01
2.493750000000000133e-01
2.431250000000000078e-01
2.368750000000000022e-01
2.262500000000000067e-01
1.875000000000000000e-01
2.025000000000000133e-01
1.831250000000000100e-01
1.524999999999999967e-01
1.849999999999999978e-01
1.693749999999999978e-01
1.693749999999999978e-01
1.631249999999999922e-01
1.906249999999999889e-01
1.812499999999999944e-01
1.774999999999999911e-01
1.681249999999999967e-01
1.424999999999999878e-01
1.718750000000000000e-01
1.387500000000000122e-01
1.656249999999999944e-01
1.618749999999999911e-01
1.656249999999999944e-01
1.718750000000000000e-01
1.650000000000000078e-01
1.768750000000000044e-01
1.700000000000000122e-01
1.643749999999999933e-01
1.424999999999999878e-01
1.400000000000000133e-01
1.412499999999999867e-01
1.506250000000000089e-01
1.356249999999999956e-01
1.356249999999999956e-01
1.424999999999999878e-01
1.375000000000000111e-01
1.631249999999999922e-01
2.118750000000000078e-01
2.725000000000000200e-01
4.087500000000000022e-01
5.887499999999999956e-01
7.581250000000000488e-01
9.906249999999999778e-01
1.153750000000000053e+00
1.268750000000000044e+00
1.255624999999999991e+00
1.164374999999999938e+00
1.018750000000000044e+00
8.125000000000000000e-01
6.143750000000000044e-01
4.131250000000000200e-01
2.993750000000000022e-01
2.106250000000000067e-01
1.524999999999999967e-01
1.356249999999999956e-01
1.362500000000000100e-01
1.206249999999999961e-01
1.300000000000000044e-01
1.243749999999999994e-01
1.400000000000000133e-01
1.406250000000000000e-01
1.556250000000000133e-01
1.887500000000000011e-01
1.993749999999999967e-01
2.149999999999999967e-01
2.381250000000000033e-01
2.625000000000000111e-01
2.837500000000000022e-01
2.831250000000000155e-01
2.725000000000000200e-01
2.481250000000000122e-01
2.056250000000000022e-01
1.893749999999999878e-01
1.449999999999999900e-01
1.337500000000000078e-01
1.281249999999999889e-01
1.112500000000000017e-01
1.143750000000000044e-01
1.024999999999999939e-01
9.687500000000000278e-02
1.000000000000000056e-01
1.006250000000000061e-01
9.500000000000000111e-02
1.118750000000000022e-01
1.449999999999999900e-01
2.000000000000000111e-01
2.568750000000000200e-01
3.574999999999999845e-01
5.018749999999999600e-01
7.031250000000000000e-01
9.649999999999999689e-01
1.113750000000000018e+00
1.307500000000000107e+00
1.381874999999999964e+00
1.333749999999999991e+00
1.176250000000000018e+00
1.008750000000000036e+00
7.900000000000000355e-01
5.962499999999999467e-01
4.131250000000000200e-01
2.793749999999999845e-01
2.193749999999999867e-01
1.881249999999999867e-01
1.318749999999999922e-01
1.331249999999999933e-01
1.087499999999999994e-01
9.437500000000000056e-02
8.125000000000000278e-02
8.812499999999999500e-02
8.999999999999999667e-02
8.624999999999999334e-02
7.687499999999999889e-02
7.562499999999999778e-02
6.937500000000000611e-02
5.937499999999999722e-02
7.374999999999999611e-02
6.500000000000000222e-02
5.562500000000000083e-02
8.562500000000000666e-02
5.937499999999999722e-02
7.312499999999999556e-02
6.687500000000000389e-02
6.625000000000000333e-02
6.687500000000000389e-02
7.000000000000000666e-02
8.000000000000000167e-02
5.874999999999999667e-02
7.499999999999999722e-02
6.750000000000000444e-02
7.124999999999999389e-02
7.749999999999999944e-02
7.062499999999999334e-02
6.187499999999999944e-02
7.000000000000000666e-02
8.812499999999999500e-02
7.124999999999999389e-02
7.499999999999999722e-02
6.750000000000000444e-02
5.937499999999999722e-02
5.937499999999999722e-02
7.937500000000000111e-02
6.500000000000000222e-02
5.000000000000000278e-02
6.124999999999999889e-02
5.750000000000000250e-02
6.625000000000000333e-02
5.750000000000000250e-02
5.249999999999999806e-02
5.312499999999999861e-02
5.437499999999999972e-02
6.375000000000000111e-02
5.750000000000000250e-02
6.124999999999999889e-02
5.249999999999999806e-02
4.562499999999999889e-02
5.812500000000000305e-02
5.562500000000000083e-02
4.562499999999999889e-02
5.500000000000000028e-02
4.937500000000000222e-02
5.124999999999999695e-02
5.437499999999999972e-02
5.500000000000000028e-02
5.812500000000000305e-02
4.687500000000000000e-02
6.312500000000000056e-02
5.062500000000000333e-02
5.687500000000000194e-02
5.750000000000000250e-02
5.249999999999999806e-02
3.937500000000000028e-02
5.687500000000000194e-02
5.249999999999999806e-02
5.249999999999999806e-02
4.875000000000000167e-02
5.687500000000000194e-02
5.124999999999999695e-02
6.062499999999999833e-02
4.562499999999999889e-02
5.312499999999999861e-02
5.750000000000000250e-02
5.437499999999999972e-02
5.062500000000000333e-02
5.937499999999999722e-02
5.312499999999999861e-02
5.249999999999999806e-02
4.624999999999999944e-02
4.499999999999999833e-02
5.124999999999999695e-02
5.562500000000000083e-02
4.875000000000000167e-02
4.437499999999999778e-02
5.437499999999999972e-02
5.000000000000000278e-02
5.312499999999999861e-02
4.750000000000000056e-02
4.687500000000000000e-02
4.562499999999999889e-02
5.062500000000000333e-02
4.062500000000000139e-02
4.000000000000000083e-02
4.125000000000000194e-02
4.250000000000000305e-02
5.062500000000000333e-02
5.687500000000000194e-02
4.875000000000000167e-02
4.312499999999999667e-02
4.624999999999999944e-02
4.000000000000000083e-02
5.374999999999999917e-02
5.625000000000000139e-02
4.687500000000000000e-02
4.125000000000000194e-02
4.374999999999999722e-02
4.875000000000000167e-02
4.062500000000000139e-02
4.687500000000000000e-02
4.312499999999999667e-02
3.812499999999999917e-02
4.187500000000000250e-02
4.250000000000000305e-02
2.937499999999999833e-02
4.125000000000000194e-02
4.374999999999999722e-02
4.062500000000000139e-02
4.812500000000000111e-02
4.187500000000000250e-02
4.750000000000000056e-02
3.624999999999999750e-02
4.374999999999999722e-02
5.249999999999999806e-02
3.937500000000000028e-02
3.687499999999999806e-02
4.937500000000000222e-02
3.874999999999999972e-02
3.562499999999999695e-02
4.374999999999999722e-02
4.437499999999999778e-02
4.187500000000000250e-02
4.750000000000000056e-02
3.874999999999999972e-02
3.812499999999999917e-02
4.250000000000000305e-02
4.125000000000000194e-02
4.187500000000000250e-02
3.312500000000000167e-02
3.562499999999999695e-02
3.812499999999999917e-02
4.000000000000000083e-02
4.000000000000000083e-02
4.062500000000000139e-02
3.749999999999999861e-02
3.562499999999999695e-02
3.624999999999999750e-02
3.062499999999999944e-02
3.250000000000000111e-02
3.500000000000000333e-02
4.125000000000000194e-02
3.937500000000000028e-02
4.812500000000000111e-02
4.499999999999999833e-02
4.000000000000000083e-02
4.187500000000000250e-02
3.250000000000000111e-02
3.187500000000000056e-02
4.062500000000000139e-02
3.749999999999999861e-02
4.062500000000000139e-02
3.812499999999999917e-02
3.562499999999999695e-02
3.749999999999999861e-02
3.375000000000000222e-02
3.375000000000000222e-02
4.312499999999999667e-02
4.687500000000000000e-02
2.624999999999999903e-02
4.125000000000000194e-02
3.562499999999999695e-02
4.499999999999999833e-02
5.437499999999999972e-02
5.000000000000000278e-02
4.499999999999999833e-02
5.437499999999999972e-02
6.187499999999999944e-02
8.937499999999999611e-02
8.874999999999999556e-02
1.012500000000000067e-01
9.187499999999999833e-02
9.625000000000000222e-02
1.000000000000000056e-01
8.937499999999999611e-02
8.062500000000000222e-02
7.187499999999999445e-02
8.000000000000000167e-02
6.562500000000000278e-02
6.937500000000000611e-02
4.062500000000000139e-02
3.749999999999999861e-02
3.812499999999999917e-02
4.187500000000000250e-02
3.624999999999999750e-02
3.500000000000000333e-02
4.312499999999999667e-02
3.312500000000000167e-02
3.125000000000000000e-02
2.875000000000000125e-02
3.500000000000000333e-02
3.250000000000000111e-02
3.437500000000000278e-02
3.375000000000000222e-02
3.624999999999999750e-02
2.687499999999999958e-02
2.812500000000000069e-02
3.812499999999999917e-02
2.437500000000000083e-02
2.750000000000000014e-02
3.687499999999999806e-02
3.749999999999999861e-02
4.250000000000000305e-02
3.749999999999999861e-02
2.999999999999999889e-02
4.562499999999999889e-02
4.250000000000000305e-02
3.500000000000000333e-02
3.749999999999999861e-02
3.624999999999999750e-02
3.687499999999999806e-02
3.562499999999999695e-02
4.062500000000000139e-02
3.250000000000000111e-02
3.062499999999999944e-02
3.312500000000000167e-02
3.312500000000000167e-02
2.937499999999999833e-02
3.250000000000000111e-02
3.749999999999999861e-02
2.937499999999999833e-02
3.125000000000000000e-02
2.624999999999999903e-02
3.500000000000000333e-02
2.624999999999999903e-02
3.375000000000000222e-02
3.375000000000000222e-02
2.750000000000000014e-02
3.812499999999999917e-02
2.937499999999999833e-02
3.062499999999999944e-02
2.500000000000000139e-02
2.437500000000000083e-02
3.375000000000000222e-02
3.562499999999999695e-02
2.687499999999999958e-02
1.812499999999999875e-02
1.937499999999999986e-02
2.562499999999999847e-02
3.312500000000000167e-02
2.624999999999999903e-02
2.750000000000000014e-02
2.875000000000000125e-02
3.187500000000000056e-02
2.500000000000000139e-02
2.937499999999999833e-02
2.999999999999999889e-02
2.812500000000000069e-02
3.500000000000000333e-02
4.062500000000000139e-02
2.750000000000000014e-02
2.062500000000000097e-02
2.937499999999999833e-02
2.750000000000000014e-02
2.687499999999999958e-02
2.437500000000000083e-02
2.812500000000000069e-02
2.937499999999999833e-02
3.062499999999999944e-02
2.500000000000000139e-02
3.687499999999999806e-02
2.875000000000000125e-02
3.125000000000000000e-02
2.375000000000000028e-02
2.875000000000000125e-02
3.125000000000000000e-02
3.187500000000000056e-02
2.000000000000000042e-02
3.125000000000000000e-02
2.187499999999999861e-02
2.687499999999999958e-02
2.875000000000000125e-02
2.875000000000000125e-02
2.312499999999999972e-02
2.750000000000000014e-02
2.624999999999999903e-02
2.187499999999999861e-02
2.999999999999999889e-02
2.687499999999999958e-02
3.062499999999999944e-02
2.687499999999999958e-02
1.750000000000000167e-02
2.312499999999999972e-02
3.187500000000000056e-02
2.750000000000000014e-02
2.624999999999999903e-02
2.062500000000000097e-02
2.937499999999999833e-02
2.687499999999999958e-02
2.437500000000000083e-02
2.750000000000000014e-02
2.125000000000000153e-02
2.875000000000000125e-02
2.312499999999999972e-02
1.874999999999999931e-02
2.875000000000000125e-02
2.812500000000000069e-02
2.375000000000000028e-02
2.624999999999999903e-02
2.187499999999999861e-02
3.749999999999999861e-02
2.687499999999999958e-02
2.437500000000000083e-02
2.249999999999999917e-02
2.375000000000000028e-02
2.187499999999999861e-02
2.187499999999999861e-02
2.500000000000000139e-02
2.375000000000000028e-02
2.375000000000000028e-02
2.937499999999999833e-02
2.375000000000000028e-02
3.874999999999999972e-02
2.750000000000000014e-02
1.874999999999999931e-02
3.062499999999999944e-02
2.249999999999999917e-02
2.249999999999999917e-02
2.249999999999999917e-02
2.500000000000000139e-02
2.249999999999999917e-02
2.624999999999999903e-02
2.375000000000000028e-02
3.500000000000000333e-02
3.375000000000000222e-02
2.562499999999999847e-02
2.875000000000000125e-02
2.437500000000000083e-02
2.624999999999999903e-02
3.874999999999999972e-02
2.624999999999999903e-02
2.187499999999999861e-02
2.062500000000000097e-02
2.249999999999999917e-02
2.187499999999999861e-02
2.437500000000000083e-02
2.125000000000000153e-02
2.375000000000000028e-02
2.437500000000000083e-02
2.875000000000000125e-02
1.874999999999999931e-02
2.312499999999999972e-02
2.375000000000000028e-02
2.937499999999999833e-02
2.000000000000000042e-02
1.750000000000000167e-02
2.249999999999999917e-02
2.125000000000000153e-02
2.875000000000000125e-02
2.500000000000000139e-02
1.812499999999999875e-02
2.062500000000000097e-02
1.625000000000000056e-02
2.937499999999999833e-02
2.750000000000000014e-02
2.437500000000000083e-02
2.312499999999999972e-02
2.375000000000000028e-02
3.937500000000000028e-02
3.937500000000000028e-02
3.437500000000000278e-02
2.999999999999999889e-02
3.812499999999999917e-02
3.375000000000000222e-02
5.249999999999999806e-02
4.562499999999999889e-02
3.874999999999999972e-02
4.812500000000000111e-02
4.437499999999999778e-02
3.562499999999999695e-02
4.250000000000000305e-02
3.250000000000000111e-02
4.312499999999999667e-02
3.937500000000000028e-02
3.250000000000000111e-02
3.375000000000000222e-02
3.687499999999999806e-02
2.000000000000000042e-02
2.687499999999999958e-02
3.312500000000000167e-02
2.999999999999999889e-02
2.750000000000000014e-02
3.062499999999999944e-02
1.937499999999999986e-02
2.375000000000000028e-02
2.375000000000000028e-02
2.500000000000000139e-02
2.437500000000000083e-02
2.375000000000000028e-02
1.750000000000000167e-02
2.312499999999999972e-02
2.000000000000000042e-02
1.937499999999999986e-02
2.312499999999999972e-02
2.000000000000000042e-02
2.125000000000000153e-02
2.687499999999999958e-02
2.437500000000000083e-02
2.249999999999999917e-02
2.000000000000000042e-02
2.375000000000000028e-02
2.437500000000000083e-02
2.249999999999999917e-02
2.125000000000000153e-02
2.624999999999999903e-02
1.437500000000000062e-02
3.062499999999999944e-02
2.500000000000000139e-02
3.187500000000000056e-02
1.250000000000000069e-02
2.562499999999999847e-02
2.750000000000000014e-02
2.750000000000000014e-02
2.812500000000000069e-02
2.624999999999999903e-02
3.125000000000000000e-02
3.062499999999999944e-02
3.500000000000000333e-02
4.437499999999999778e-02
3.312500000000000167e-02
4.875000000000000167e-02
4.312499999999999667e-02
5.374999999999999917e-02
5.687500000000000194e-02
4.750000000000000056e-02
4.624999999999999944e-02
5.374999999999999917e-02
5.937499999999999722e-02
5.437499999999999972e-02
4.937500000000000222e-02
4.562499999999999889e-02
6.062499999999999833e-02
4.750000000000000056e-02
4.875000000000000167e-02
5.812500000000000305e-02
5.999999999999999778e-02
6.124999999999999889e-02
5.374999999999999917e-02
5.750000000000000250e-02
5.812500000000000305e-02
6.937500000000000611e-02
6.875000000000000555e-02
5.812500000000000305e-02
6.250000000000000000e-02
7.062499999999999334e-02
5.124999999999999695e-02
5.937499999999999722e-02
4.750000000000000056e-02
4.562499999999999889e-02
4.374999999999999722e-02
3.500000000000000333e-02
3.437500000000000278e-02
3.187500000000000056e-02
3.062499999999999944e-02
2.249999999999999917e-02
2.312499999999999972e-02
2.187499999999999861e-02
1.874999999999999931e-02
1.687500000000000111e-02
2.624999999999999903e-02
2.249999999999999917e-02
2.437500000000000083e-02
2.249999999999999917e-02
2.249999999999999917e-02
2.312499999999999972e-02
2.624999999999999903e-02
2.000000000000000042e-02
2.750000000000000014e-02
2.624999999999999903e-02
2.125000000000000153e-02
2.000000000000000042e-02
1.562500000000000000e-02
2.249999999999999917e-02
1.750000000000000167e-02
2.375000000000000028e-02
1.562500000000000000e-02
1.750000000000000167e-02
1.437500000000000062e-02
2.125000000000000153e-02
1.499999999999999944e-02
2.437500000000000083e-02
1.750000000000000167e-02
1.812499999999999875e-02
2.000000000000000042e-02
1.937499999999999986e-02
2.312499999999999972e-02
1.937499999999999986e-02
2.437500000000000083e-02
2.000000000000000042e-02
2.062500000000000097e-02
2.000000000000000042e-02
1.750000000000000167e-02
2.562499999999999847e-02
1.937499999999999986e-02
1.874999999999999931e-02
1.874999999999999931e-02
2.125000000000000153e-02
2.375000000000000028e-02
1.937499999999999986e-02
2.187499999999999861e-02
2.624999999999999903e-02
2.375000000000000028e-02
2.187499999999999861e-02
2.125000000000000153e-02
2.375000000000000028e-02
2.000000000000000042e-02
1.874999999999999931e-02
2.312499999999999972e-02
2.249999999999999917e-02
2.624999999999999903e-02
2.937499999999999833e-02
2.624999999999999903e-02
2.000000000000000042e-02
2.437500000000000083e-02
2.375000000000000028e-02
2.375000000000000028e-02
1.937499999999999986e-02
2.937499999999999833e-02
2.624999999999999903e-02
2.000000000000000042e-02
1.812499999999999875e-02
2.062500000000000097e-02
1.937499999999999986e-02
2.750000000000000014e-02
2.125000000000000153e-02
2.500000000000000139e-02
1.437500000000000062e-02
2.624999999999999903e-02
1.499999999999999944e-02
2.000000000000000042e-02
1.562500000000000000e-02
2.125000000000000153e-02
2.000000000000000042e-02
1.625000000000000056e-02
2.125000000000000153e-02
1.937499999999999986e-02
2.375000000000000028e-02
1.812499999999999875e-02
2.062500000000000097e-02
2.125000000000000153e-02
2.062500000000000097e-02
1.937499999999999986e-02
2.875000000000000125e-02
2.687499999999999958e-02
2.062500000000000097e-02
2.437500000000000083e-02
1.874999999999999931e-02
2.624999999999999903e-02
2.687499999999999958e-02
2.000000000000000042e-02
2.437500000000000083e-02
2.624999999999999903e-02
2.125000000000000153e-02
2.312499999999999972e-02
2.062500000000000097e-02
2.687499999999999958e-02
2.375000000000000028e-02
2.687499999999999958e-02
2.249999999999999917e-02
2.249999999999999917e-02
2.187499999999999861e-02
1.625000000000000056e-02
1.812499999999999875e-02
2.062500000000000097e-02
1.874999999999999931e-02
1.812499999999999875e-02
1.812499999999999875e-02
2.312499999999999972e-02
2.249999999999999917e-02
2.062500000000000097e-02
2.500000000000000139e-02
1.937499999999999986e-02
1.750000000000000167e-02
2.937499999999999833e-02
2.187499999999999861e-02
2.187499999999999861e-02
2.187499999999999861e-02
2.000000000000000042e-02
1.750000000000000167e-02
1.812499999999999875e-02
1.437500000000000062e-02
1.750000000000000167e-02
2.249999999999999917e-02
1.562500000000000000e-02
1.937499999999999986e-02
1.687500000000000111e-02
1.562500000000000000e-02
2.062500000000000097e-02
2.000000000000000042e-02
1.812499999999999875e-02
1.437500000000000062e-02
2.249999999999999917e-02
1.937499999999999986e-02
1.562500000000000000e-02
1.562500000000000000e-02
2.500000000000000139e-02
2.125000000000000153e-02
2.187499999999999861e-02
1.750000000000000167e-02
2.187499999999999861e-02
2.375000000000000028e-02
2.812500000000000069e-02
2.562499999999999847e-02
2.562499999999999847e-02
2.000000000000000042e-02
3.562499999999999695e-02
3.937500000000000028e-02
2.812500000000000069e-02
2.812500000000000069e-02
3.687499999999999806e-02
2.062500000000000097e-02
3.437500000000000278e-02
3.500000000000000333e-02
2.999999999999999889e-02
1.812499999999999875e-02
1.812499999999999875e-02
2.437500000000000083e-02
1.874999999999999931e-02
1.562500000000000000e-02
2.437500000000000083e-02
1.499999999999999944e-02
1.187500000000000014e-02
1.375000000000000007e-02
1.187500000000000014e-02
1.499999999999999944e-02
2.000000000000000042e-02
1.937499999999999986e-02
1.187500000000000014e-02
1.812499999999999875e-02
1.937499999999999986e-02
1.250000000000000069e-02
1.687500000000000111e-02
2.249999999999999917e-02
1.874999999999999931e-02
1.312499999999999951e-02
2.062500000000000097e-02
1.375000000000000007e-02
1.937499999999999986e-02
2.062500000000000097e-02
1.812499999999999875e-02
1.250000000000000069e-02
1.687500000000000111e-02
1.937499999999999986e-02
2.000000000000000042e-02
1.625000000000000056e-02
1.187500000000000014e-02
1.687500000000000111e-02
1.625000000000000056e-02
1.062500000000000076e-02
1.625000000000000056e-02
1.499999999999999944e-02
1.562500000000000000e-02
1.375000000000000007e-02
2.125000000000000153e-02
1.750000000000000167e-02
1.124999999999999958e-02
1.250000000000000069e-02
1.687500000000000111e-02
2.249999999999999917e-02
1.562500000000000000e-02
1.625000000000000056e-02
1.687500000000000111e-02
1.812499999999999875e-02
1.562500000000000000e-02
1.562500000000000000e-02
1.874999999999999931e-02
1.187500000000000014e-02
1.562500000000000000e-02
1.562500000000000000e-02
1.625000000000000056e-02
2.187499999999999861e-02
1.625000000000000056e-02
1.250000000000000069e-02
1.250000000000000069e-02
1.812499999999999875e-02
1.625000000000000056e-02
1.375000000000000007e-02
1.312499999999999951e-02
1.625000000000000056e-02
1.750000000000000167e-02
1.687500000000000111e-02
1.874999999999999931e-02
2.000000000000000042e-02
1.562500000000000000e-02
1.874999999999999931e-02
1.187500000000000014e-02
1.250000000000000069e-02
1.750000000000000167e-02
1.437500000000000062e-02
2.249999999999999917e-02
2.062500000000000097e-02
2.437500000000000083e-02
2.624999999999999903e-02
2.375000000000000028e-02
1.687500000000000111e-02
1.375000000000000007e-02
1.874999999999999931e-02
2.249999999999999917e-02
1.750000000000000167e-02
2.437500000000000083e-02
2.000000000000000042e-02
1.812499999999999875e-02
1.812499999999999875e-02
1.625000000000000056e-02
1.687500000000000111e-02
1.562500000000000000e-02
1.562500000000000000e-02
1.874999999999999931e-02
1.375000000000000007e-02
1.687500000000000111e-02
1.437500000000000062e-02
1.250000000000000069e-02
1.874999999999999931e-02
1.562500000000000000e-02
1.437500000000000062e-02
1.562500000000000000e-02
1.499999999999999944e-02
2.312499999999999972e-02
1.874999999999999931e-02
1.437500000000000062e-02
1.562500000000000000e-02
1.874999999999999931e-02
2.125000000000000153e-02
1.937499999999999986e-02
2.000000000000000042e-02
1.562500000000000000e-02
1.562500000000000000e-02
1.437500000000000062e-02
1.312499999999999951e-02
1.625000000000000056e-02
1.250000000000000069e-02
9.374999999999999653e-03
1.312499999999999951e-02
1.000000000000000021e-02
1.250000000000000069e-02
1.124999999999999958e-02
1.437500000000000062e-02
1.375000000000000007e-02
1.187500000000000014e-02
1.437500000000000062e-02
1.062500000000000076e-02
1.562500000000000000e-02
1.250000000000000069e-02
1.250000000000000069e-02
1.687500000000000111e-02
1.062500000000000076e-02
1.000000000000000021e-02
1.312499999999999951e-02
1.000000000000000021e-02
9.374999999999999653e-03
1.874999999999999931e-02
1.062500000000000076e-02
1.000000000000000021e-02
1.187500000000000014e-02
1.000000000000000021e-02
1.375000000000000007e-02
8.750000000000000833e-03
1.312499999999999951e-02
1.124999999999999958e-02
1.375000000000000007e-02
1.312499999999999951e-02
8.125000000000000278e-03
1.312499999999999951e-02
1.625000000000000056e-02
1.062500000000000076e-02
1.062500000000000076e-02
1.437500000000000062e-02
1.187500000000000014e-02
1.000000000000000021e-02
1.062500000000000076e-02
1.312499999999999951e-02
8.750000000000000833e-03
1.437500000000000062e-02
8.750000000000000833e-03
1.124999999999999958e-02
1.625000000000000056e-02
1.187500000000000014e-02
1.562500000000000000e-02
8.125000000000000278e-03
1.124999999999999958e-02
1.250000000000000069e-02
1.625000000000000056e-02
1.187500000000000014e-02
9.374999999999999653e-03
1.250000000000000069e-02
1.312499999999999951e-02
1.187500000000000014e-02
1.250000000000000069e-02
1.187500000000000014e-02
1.124999999999999958e-02
1.250000000000000069e-02
1.250000000000000069e-02
8.750000000000000833e-03
9.374999999999999653e-03
1.187500000000000014e-02
1.375000000000000007e-02
1.250000000000000069e-02
1.562500000000000000e-02
1.062500000000000076e-02
1.312499999999999951e-02
1.812499999999999875e-02
1.187500000000000014e-02
1.499999999999999944e-02
1.375000000000000007e-02
1.124999999999999958e-02
1.375000000000000007e-02
1.250000000000000069e-02
2.125000000000000153e-02
1.250000000000000069e-02
1.375000000000000007e-02
1.499999999999999944e-02
1.124999999999999958e-02
1.062500000000000076e-02
1.062500000000000076e-02
1.000000000000000021e-02
1.687500000000000111e-02
1.250000000000000069e-02
1.124999999999999958e-02
1.124999999999999958e-02
7.499999999999999722e-03
1.312499999999999951e-02
1.124999999999999958e-02
1.250000000000000069e-02
1.124999999999999958e-02
1.312499999999999951e-02
1.312499999999999951e-02
1.375000000000000007e-02
1.250000000000000069e-02
1.437500000000000062e-02
1.000000000000000021e-02
1.687500000000000111e-02
9.374999999999999653e-03
9.374999999999999653e-03
8.125000000000000278e-03
1.000000000000000021e-02
1.124999999999999958e-02
1.000000000000000021e-02
8.750000000000000833e-03
1.062500000000000076e-02
8.750000000000000833e-03
1.250000000000000069e-02
1.750000000000000167e-02
1.375000000000000007e-02
8.750000000000000833e-03
1.062500000000000076e-02
1.375000000000000007e-02
1.187500000000000014e-02
8.125000000000000278e-03
1.187500000000000014e-02
1.375000000000000007e-02
1.687500000000000111e-02
6.875000000000000035e-03
1.124999999999999958e-02
1.874999999999999931e-02
1.000000000000000021e-02
1.187500000000000014e-02
9.374999999999999653e-03
1.937499999999999986e-02
1.312499999999999951e-02
6.875000000000000035e-03
1.312499999999999951e-02
1.250000000000000069e-02
1.312499999999999951e-02
1.375000000000000007e-02
1.250000000000000069e-02
1.687500000000000111e-02
9.374999999999999653e-03
8.125000000000000278e-03
1.562500000000000000e-02
1.250000000000000069e-02
1.187500000000000014e-02
6.875000000000000035e-03
6.875000000000000035e-03
8.750000000000000833e-03
1.187500000000000014e-02
1.062500000000000076e-02
1.375000000000000007e-02
7.499999999999999722e-03
1.124999999999999958e-02
1.000000000000000021e-02
9.374999999999999653e-03
1.187500000000000014e-02
1.375000000000000007e-02
1.437500000000000062e-02
1.312499999999999951e-02
6.875000000000000035e-03
1.062500000000000076e-02
1.250000000000000069e-02
1.250000000000000069e-02
6.875000000000000035e-03
1.312499999999999951e-02
8.125000000000000278e-03
1.625000000000000056e-02
1.312499999999999951e-02
1.437500000000000062e-02
8.125000000000000278e-03
1.187500000000000014e-02
1.312499999999999951e-02
1.124999999999999958e-02
1.000000000000000021e-02
1.312499999999999951e-02
9.374999999999999653e-03
1.375000000000000007e-02
1.750000000000000167e-02
9.374999999999999653e-03
1.124999999999999958e-02
1.000000000000000021e-02
8.750000000000000833e-03
1.187500000000000014e-02
1.062500000000000076e-02
1.250000000000000069e-02
1.437500000000000062e-02
6.875000000000000035e-03
8.125000000000000278e-03
9.374999999999999653e-03
1.312499999999999951e-02
8.125000000000000278e-03
6.875000000000000035e-03
5.624999999999999792e-03
8.125000000000000278e-03
9.374999999999999653e-03
9.374999999999999653e-03
9.374999999999999653e-03
1.124999999999999958e-02
1.437500000000000062e-02
6.875000000000000035e-03
1.250000000000000069e-02
1.062500000000000076e-02
1.375000000000000007e-02
1.124999999999999958e-02
8.125000000000000278e-03
7.499999999999999722e-03
7.499999999999999722e-03
9.374999999999999653e-03
1.062500000000000076e-02
1.062500000000000076e-02
6.250000000000000347e-03
1.312499999999999951e-02
6.875000000000000035e-03
1.000000000000000021e-02
6.250000000000000347e-03
1.000000000000000021e-02
8.750000000000000833e-03
1.375000000000000007e-02
9.374999999999999653e-03
6.875000000000000035e-03
7.499999999999999722e-03
7.499999999999999722e-03
9.374999999999999653e-03
8.750000000000000833e-03
8.750000000000000833e-03
1.187500000000000014e-02
1.124999999999999958e-02
1.250000000000000069e-02
8.125000000000000278e-03
8.125000000000000278e-03
1.250000000000000069e-02
5.624999999999999792e-03
1.124999999999999958e-02
1.000000000000000021e-02
1.437500000000000062e-02
2.062500000000000097e-02
7.499999999999999722e-03
5.000000000000000104e-03
1.312499999999999951e-02
1.187500000000000014e-02
1.000000000000000021e-02
8.125000000000000278e-03
1.499999999999999944e-02
1.000000000000000021e-02
1.187500000000000014e-02
1.000000000000000021e-02
8.750000000000000833e-03
1.062500000000000076e-02
9.374999999999999653e-03
7.499999999999999722e-03
6.875000000000000035e-03
7.499999999999999722e-03
8.750000000000000833e-03
1.000000000000000021e-02
1.062500000000000076e-02
6.250000000000000347e-03
1.000000000000000021e-02
1.000000000000000021e-02
1.000000000000000021e-02
1.250000000000000069e-02
5.624999999999999792e-03
8.750000000000000833e-03
8.125000000000000278e-03
1.062500000000000076e-02
1.375000000000000007e-02
1.000000000000000021e-02
8.750000000000000833e-03
6.875000000000000035e-03
1.187500000000000014e-02
9.374999999999999653e-03
1.187500000000000014e-02
1.437500000000000062e-02
1.375000000000000007e-02
1.062500000000000076e-02
8.750000000000000833e-03
1.312499999999999951e-02
6.250000000000000347e-03
1.000000000000000021e-02
7.499999999999999722e-03
1.062500000000000076e-02
5.624999999999999792e-03
7.499999999999999722e-03
1.124999999999999958e-02
8.125000000000000278e-03
1.312499999999999951e-02
5.624999999999999792e-03
8.125000000000000278e-03
1.499999999999999944e-02
1.062500000000000076e-02
1.000000000000000021e-02
1.062500000000000076e-02
8.125000000000000278e-03
9.374999999999999653e-03
8.125000000000000278e-03
5.624999999999999792e-03
1.000000000000000021e-02
8.125000000000000278e-03
6.250000000000000347e-03
9.374999999999999653e-03
1.000000000000000021e-02
5.624999999999999792e-03
8.750000000000000833e-03
7.499999999999999722e-03
1.874999999999999931e-03
6.250000000000000347e-03
6.250000000000000347e-03
1.062500000000000076e-02
9.374999999999999653e-03
1.000000000000000021e-02
8.750000000000000833e-03
1.187500000000000014e-02
2.500000000000000052e-03
8.125000000000000278e-03
6.250000000000000347e-03
6.250000000000000347e-03
1.124999999999999958e-02
8.125000000000000278e-03
6.875000000000000035e-03
6.250000000000000347e-03
1.312499999999999951e-02
7.499999999999999722e-03
4.375000000000000416e-03
8.750000000000000833e-03
1.124999999999999958e-02
7.499999999999999722e-03
8.750000000000000833e-03
8.125000000000000278e-03
9.374999999999999653e-03
7.499999999999999722e-03
5.624999999999999792e-03
6.875000000000000035e-03
6.250000000000000347e-03
7.499999999999999722e-03
6.875000000000000035e-03
1.000000000000000021e-02
1.250000000000000069e-02
1.187500000000000014e-02
5.000000000000000104e-03
8.750000000000000833e-03
1.187500000000000014e-02
8.750000000000000833e-03
8.750000000000000833e-03
8.750000000000000833e-03
1.062500000000000076e-02
8.750000000000000833e-03
1.062500000000000076e-02
9.374999999999999653e-03
6.250000000000000347e-03
8.125000000000000278e-03
7.499999999999999722e-03
6.875000000000000035e-03
1.124999999999999958e-02
6.875000000000000035e-03
5.624999999999999792e-03
9.374999999999999653e-03
8.750000000000000833e-03
8.750000000000000833e-03
7.499999999999999722e-03
9.374999999999999653e-03
5.624999999999999792e-03
1.187500000000000014e-02
4.375000000000000416e-03
1.000000000000000021e-02
1.000000000000000021e-02
1.187500000000000014e-02
7.499999999999999722e-03
1.062500000000000076e-02
1.000000000000000021e-02
5.000000000000000104e-03
1.124999999999999958e-02
4.375000000000000416e-03
8.750000000000000833e-03
1.062500000000000076e-02
1.187500000000000014e-02
4.375000000000000416e-03
6.875000000000000035e-03
8.750000000000000833e-03
8.750000000000000833e-03
6.875000000000000035e-03
5.624999999999999792e-03
3.749999999999999861e-03
8.125000000000000278e-03
5.000000000000000104e-03
6.250000000000000347e-03
8.125000000000000278e-03
1.062500000000000076e-02
6.875000000000000035e-03
1.250000000000000026e-03
6.875000000000000035e-03
6.875000000000000035e-03
6.875000000000000035e-03
5.624999999999999792e-03
6.250000000000000347e-03
1.000000000000000021e-02
5.624999999999999792e-03
5.000000000000000104e-03
5.624999999999999792e-03
5.000000000000000104e-03
8.750000000000000833e-03
6.250000000000000347e-03
4.375000000000000416e-03
6.875000000000000035e-03
2.500000000000000052e-03
5.624999999999999792e-03
8.125000000000000278e-03
4.375000000000000416e-03
6.875000000000000035e-03
5.624999999999999792e-03
7.499999999999999722e-03
4.375000000000000416e-03
7.499999999999999722e-03
6.875000000000000035e-03
5.624999999999999792e-03
8.750000000000000833e-03
5.624999999999999792e-03
5.000000000000000104e-03
6.875000000000000035e-03
6.875000000000000035e-03
7.499999999999999722e-03
6.250000000000000347e-03
1.000000000000000021e-02
6.250000000000000347e-03
6.250000000000000347e-03
6.875000000000000035e-03
4.375000000000000416e-03
3.749999999999999861e-03
7.499999999999999722e-03
6.875000000000000035e-03
5.000000000000000104e-03
6.875000000000000035e-03
2.500000000000000052e-03
8.750000000000000833e-03
3.749999999999999861e-03
6.250000000000000347e-03
6.250000000000000347e-03
4.375000000000000416e-03
6.875000000000000035e-03
8.125000000000000278e-03
6.875000000000000035e-03
8.750000000000000833e-03
4.375000000000000416e-03
8.125000000000000278e-03
6.875000000000000035e-03
6.250000000000000347e-03
6.875000000000000035e-03
4.375000000000000416e-03
8.125000000000000278e-03
8.750000000000000833e-03
3.749999999999999861e-03
5.624999999999999792e-03
6.250000000000000347e-03
6.250000000000000347e-03
8.750000000000000833e-03
5.000000000000000104e-03
1.874999999999999931e-03
3.749999999999999861e-03
5.624999999999999792e-03
6.875000000000000035e-03
4.375000000000000416e-03
1.062500000000000076e-02
8.750000000000000833e-03
5.000000000000000104e-03
5.624999999999999792e-03
5.624999999999999792e-03
4.375000000000000416e-03
8.125000000000000278e-03
6.875000000000000035e-03
3.749999999999999861e-03
8.125000000000000278e-03
5.624999999999999792e-03
5.000000000000000104e-03
1.874999999999999931e-03
5.624999999999999792e-03
5.624999999999999792e-03
2.500000000000000052e-03
3.749999999999999861e-03
7.499999999999999722e-03
4.375000000000000416e-03
5.000000000000000104e-03
8.125000000000000278e-03
5.000000000000000104e-03
8.125000000000000278e-03
6.250000000000000347e-03
4.375000000000000416e-03
8.125000000000000278e-03
5.000000000000000104e-03
7.499999999999999722e-03
5.000000000000000104e-03
8.125000000000000278e-03
4.375000000000000416e-03
6.250000000000000347e-03
7.499999999999999722e-03
4.375000000000000416e-03
8.125000000000000278e-03
4.375000000000000416e-03
9.374999999999999653e-03
5.000000000000000104e-03
5.000000000000000104e-03
1.187500000000000014e-02
6.250000000000000347e-03
9.374999999999999653e-03
5.000000000000000104e-03
5.624999999999999792e-03
8.125000000000000278e-03
6.875000000000000035e-03
4.375000000000000416e-03
5.624999999999999792e-03
4.375000000000000416e-03
5.000000000000000104e-03
6.875000000000000035e-03
6.875000000000000035e-03
6.875000000000000035e-03
5.624999999999999792e-03
6.875000000000000035e-03
6.875000000000000035e-03
8.125000000000000278e-03
7.499999999999999722e-03
1.124999999999999958e-02
6.250000000000000347e-03
4.375000000000000416e-03
4.375000000000000416e-03
5.000000000000000104e-03
5.000000000000000104e-03
1.000000000000000021e-02
3.125000000000000173e-03
6.250000000000000347e-03
1.874999999999999931e-03
8.125000000000000278e-03
5.624999999999999792e-03
6.250000000000000347e-03
8.750000000000000833e-03
8.125000000000000278e-03
6.875000000000000035e-03
3.749999999999999861e-03
7.499999999999999722e-03
5.624999999999999792e-03
9.374999999999999653e-03
8.125000000000000278e-03
5.000000000000000104e-03
6.250000000000000347e-03
3.125000000000000173e-03
6.875000000000000035e-03
7.499999999999999722e-03
3.749999999999999861e-03
6.250000000000000347e-03
6.250000000000000347e-03
1.124999999999999958e-02
3.749999999999999861e-03
3.125000000000000173e-03
8.125000000000000278e-03
4.375000000000000416e-03
7.499999999999999722e-03
6.250000000000000347e-03
6.250000000000000347e-03
2.500000000000000052e-03
8.125000000000000278e-03
9.374999999999999653e-03
7.499999999999999722e-03
4.375000000000000416e-03
8.750000000000000833e-03
5.000000000000000104e-03
5.000000000000000104e-03
7.499999999999999722e-03
4.375000000000000416e-03
6.250000000000000347e-03
8.750000000000000833e-03
1.874999999999999931e-03
1.000000000000000021e-02
2.500000000000000052e-03
5.624999999999999792e-03
4.375000000000000416e-03
2.500000000000000052e-03
4.375000000000000416e-03
3.749999999999999861e-03
5.000000000000000104e-03
4.375000000000000416e-03
8.125000000000000278e-03
5.000000000000000104e-03
5.624999999999999792e-03
5.000000000000000104e-03
6.250000000000000347e-03
1.874999999999999931e-03
3.125000000000000173e-03
8.125000000000000278e-03
5.000000000000000104e-03
5.624999999999999792e-03
3.125000000000000173e-03
5.000000000000000104e-03
5.624999999999999792e-03
6.250000000000000347e-03
7.499999999999999722e-03
5.624999999999999792e-03
4.375000000000000416e-03
6.250000000000000347e-03
3.749999999999999861e-03
4.375000000000000416e-03
3.125000000000000173e-03
6.250000000000000347e-03
5.000000000000000104e-03
4.375000000000000416e-03
7.499999999999999722e-03
5.000000000000000104e-03
4.375000000000000416e-03
5.624999999999999792e-03
4.375000000000000416e-03
2.500000000000000052e-03
4.375000000000000416e-03
5.000000000000000104e-03
3.749999999999999861e-03
3.749999999999999861e-03
5.000000000000000104e-03
6.875000000000000035e-03
3.749999999999999861e-03
3.125000000000000173e-03
6.875000000000000035e-03
7.499999999999999722e-03
5.624999999999999792e-03
6.250000000000000347e-03
5.000000000000000104e-03
5.624999999999999792e-03
6.250000000000000347e-03
5.624999999999999792e-03
1.062500000000000076e-02
2.500000000000000052e-03
5.624999999999999792e-03
3.125000000000000173e-03
3.749999999999999861e-03
4.375000000000000416e-03
3.125000000000000173e-03
5.000000000000000104e-03
6.250000000000000347e-03
1.874999999999999931e-03
5.000000000000000104e-03
5.000000000000000104e-03
4.375000000000000416e-03
5.000000000000000104e-03
3.749999999999999861e-03
6.250000000000000347e-03
6.875000000000000035e-03
7.499999999999999722e-03
3.125000000000000173e-03
3.749999999999999861e-03
5.000000000000000104e-03
5.624999999999999792e-03
7.499999999999999722e-03
6.875000000000000035e-03
5.000000000000000104e-03
4.375000000000000416e-03
6.250000000000000347e-03
3.749999999999999861e-03
6.250000000000000347e-03
4.375000000000000416e-03
5.624999999999999792e-03
6.875000000000000035e-03
7.499999999999999722e-03
1.874999999999999931e-03
2.500000000000000052e-03
3.749999999999999861e-03
3.749999999999999861e-03
4.375000000000000416e-03
7.499999999999999722e-03
4.375000000000000416e-03
6.875000000000000035e-03
3.749999999999999861e-03
3.749999999999999861e-03
2.500000000000000052e-03
6.875000000000000035e-03
3.749999999999999861e-03
5.000000000000000104e-03
5.000000000000000104e-03
8.750000000000000833e-03
3.749999999999999861e-03
3.749999999999999861e-03
6.875000000000000035e-03
6.875000000000000035e-03
5.000000000000000104e-03
2.500000000000000052e-03
5.000000000000000104e-03
6.250000000000000347e-03
1.250000000000000026e-03
2.500000000000000052e-03
6.875000000000000035e-03
4.375000000000000416e-03
8.125000000000000278e-03
6.250000000000000347e-03
6.875000000000000035e-03
3.749999999999999861e-03
2.500000000000000052e-03
4.375000000000000416e-03
5.000000000000000104e-03
5.624999999999999792e-03
5.624999999999999792e-03
3.125000000000000173e-03
2.500000000000000052e-03
3.749999999999999861e-03
5.000000000000000104e-03
5.000000000000000104e-03
5.000000000000000104e-03
5.000000000000000104e-03
8.750000000000000833e-03
4.375000000000000416e-03
5.624999999999999792e-03
6.250000000000000347e-03
4.375000000000000416e-03
3.749999999999999861e-03
7.499999999999999722e-03
3.749999999999999861e-03
4.375000000000000416e-03
3.125000000000000173e-03
5.000000000000000104e-03
5.624999999999999792e-03
1.250000000000000026e-03
3.125000000000000173e-03
3.125000000000000173e-03
5.000000000000000104e-03
5.000000000000000104e-03
3.749999999999999861e-03
4.375000000000000416e-03
3.749999999999999861e-03
5.000000000000000104e-03
6.875000000000000035e-03
6.875000000000000035e-03
2.500000000000000052e-03
2.500000000000000052e-03
1.187500000000000014e-02
5.000000000000000104e-03
3.125000000000000173e-03
5.000000000000000104e-03
5.624999999999999792e-03
4.375000000000000416e-03
4.375000000000000416e-03
6.250000000000000347e-03
2.500000000000000052e-03
3.749999999999999861e-03
3.749999999999999861e-03
5.000000000000000104e-03
6.875000000000000035e-03
5.624999999999999792e-03
3.749999999999999861e-03
6.250000000000000347e-03
5.624999999999999792e-03
5.000000000000000104e-03
3.749999999999999861e-03
3.749999999999999861e-03
5.624999999999999792e-03
3.749999999999999861e-03
3.749999999999999861e-03
3.749999999999999861e-03
4.375000000000000416e-03
3.125000000000000173e-03
4.375000000000000416e-03
2.500000000000000052e-03
2.500000000000000052e-03
4.375000000000000416e-03
8.750000000000000833e-03
5.000000000000000104e-03
5.000000000000000104e-03
3.125000000000000173e-03
4.375000000000000416e-03
4.375000000000000416e-03
6.875000000000000035e-03
5.000000000000000104e-03
6.250000000000000347e-03
3.125000000000000173e-03
2.500000000000000052e-03
3.125000000000000173e-03
3.125000000000000173e-03
5.000000000000000104e-03
4.375000000000000416e-03
4.375000000000000416e-03
5.000000000000000104e-03
3.749999999999999861e-03
5.624999999999999792e-03
5.624999999999999792e-03
4.375000000000000416e-03
3.749999999999999861e-03
3.749999999999999861e-03
1.874999999999999931e-03
3.749999999999999861e-03
3.125000000000000173e-03
5.000000000000000104e-03
3.749999999999999861e-03
3.125000000000000173e-03
3.749999999999999861e-03
6.875000000000000035e-03
3.749999999999999861e-03
4.375000000000000416e-03
2.500000000000000052e-03
5.624999999999999792e-03
3.125000000000000173e-03
1.874999999999999931e-03
4.375000000000000416e-03
3.749999999999999861e-03
5.000000000000000104e-03
4.375000000000000416e-03
6.875000000000000035e-03
3.749999999999999861e-03
3.125000000000000173e-03
6.250000000000000347e-03
2.500000000000000052e-03
4.375000000000000416e-03
3.749999999999999861e-03
3.749999999999999861e-03
3.125000000000000173e-03
6.875000000000000035e-03
5.624999999999999792e-03
2.500000000000000052e-03
3.125000000000000173e-03
2.500000000000000052e-03
5.000000000000000104e-03
6.250000000000000347e-03
3.125000000000000173e-03
3.125000000000000173e-03
3.125000000000000173e-03
7.499999999999999722e-03
4.375000000000000416e-03
6.250000000000000347e-03
6.250000000000000347e-03
3.749999999999999861e-03
5.000000000000000104e-03
3.125000000000000173e-03
6.250000000000000347e-03
6.875000000000000035e-03
1.874999999999999931e-03
5.000000000000000104e-03
2.500000000000000052e-03
3.125000000000000173e-03
5.624999999999999792e-03
1.874999999999999931e-03
6.250000000000000347e-03
2.500000000000000052e-03
1.250000000000000026e-03
4.375000000000000416e-03
3.749999999999999861e-03
3.749999999999999861e-03
5.624999999999999792e-03
5.000000000000000104e-03
4.375000000000000416e-03
3.125000000000000173e-03
6.250000000000000347e-03
3.749999999999999861e-03
3.749999999999999861e-03
4.375000000000000416e-03
5.000000000000000104e-03
3.125000000000000173e-03
3.749999999999999861e-03
3.749999999999999861e-03
3.749999999999999861e-03
7.499999999999999722e-03
3.125000000000000173e-03
4.375000000000000416e-03
2.500000000000000052e-03
3.749999999999999861e-03
2.500000000000000052e-03
2.500000000000000052e-03
5.624999999999999792e-03
6.250000000000000347e-03
3.125000000000000173e-03
2.500000000000000052e-03
1.874999999999999931e-03
2.500000000000000052e-03
1.874999999999999931e-03
3.125000000000000173e-03
3.125000000000000173e-03
2.500000000000000052e-03
5.624999999999999792e-03
3.749999999999999861e-03
5.624999999999999792e-03
4.375000000000000416e-03
2.500000000000000052e-03
6.250000000000000130e-04
2.500000000000000052e-03
5.000000000000000104e-03
5.000000000000000104e-03
3.749999999999999861e-03
3.749999999999999861e-03
3.125000000000000173e-03
5.000000000000000104e-03
1.250000000000000026e-03
4.375000000000000416e-03
7.499999999999999722e-03
1.874999999999999931e-03
2.500000000000000052e-03
6.875000000000000035e-03
3.125000000000000173e-03
2.500000000000000052e-03
1.874999999999999931e-03
6.250000000000000347e-03
5.624999999999999792e-03
3.749999999999999861e-03
5.624999999999999792e-03
4.375000000000000416e-03
3.749999999999999861e-03
2.500000000000000052e-03
2.500000000000000052e-03
1.874999999999999931e-03
3.749999999999999861e-03
2.500000000000000052e-03
1.250000000000000026e-03
4.375000000000000416e-03
3.125000000000000173e-03
6.875000000000000035e-03
1.874999999999999931e-03
5.624999999999999792e-03
3.749999999999999861e-03
5.000000000000000104e-03
5.000000000000000104e-03
5.000000000000000104e-03
4.375000000000000416e-03
1.250000000000000026e-03
6.250000000000000347e-03
1.874999999999999931e-03
3.125000000000000173e-03
2.500000000000000052e-03
3.125000000000000173e-03
3.749999999999999861e-03
3.749999999999999861e-03
3.749999999999999861e-03
4.375000000000000416e-03
3.749999999999999861e-03
5.000000000000000104e-03
1.250000000000000026e-03
4.375000000000000416e-03
3.749999999999999861e-03
3.125000000000000173e-03
2.500000000000000052e-03
4.375000000000000416e-03
3.125000000000000173e-03
1.874999999999999931e-03
4.375000000000000416e-03
4.375000000000000416e-03
3.749999999999999861e-03
5.000000000000000104e-03
2.500000000000000052e-03
5.000000000000000104e-03
3.125000000000000173e-03
3.125000000000000173e-03
3.125000000000000173e-03
2.500000000000000052e-03
2.500000000000000052e-03
4.375000000000000416e-03
3.125000000000000173e-03
3.749999999999999861e-03
5.000000000000000104e-03
3.125000000000000173e-03
5.000000000000000104e-03
1.874999999999999931e-03
3.749999999999999861e-03
5.624999999999999792e-03
2.500000000000000052e-03
3.125000000000000173e-03
5.624999999999999792e-03
5.000000000000000104e-03
3.125000000000000173e-03
1.874999999999999931e-03
1.874999999999999931e-03
3.749999999999999861e-03
5.000000000000000104e-03
3.125000000000000173e-03
4.375000000000000416e-03
4.375000000000000416e-03
1.874999999999999931e-03
3.125000000000000173e-03
1.874999999999999931e-03
5.000000000000000104e-03
1.874999999999999931e-03
1.874999999999999931e-03
1.874999999999999931e-03
3.125000000000000173e-03
1.874999999999999931e-03
6.875000000000000035e-03
3.125000000000000173e-03
3.749999999999999861e-03
4.375000000000000416e-03
2.500000000000000052e-03
4.375000000000000416e-03
2.500000000000000052e-03
3.125000000000000173e-03
3.749999999999999861e-03
3.749999999999999861e-03
3.125000000000000173e-03
1.874999999999999931e-03
2.500000000000000052e-03
3.749999999999999861e-03
3.749999999999999861e-03
6.875000000000000035e-03
6.250000000000000347e-03
4.375000000000000416e-03
5.624999999999999792e-03
3.749999999999999861e-03
2.500000000000000052e-03
1.874999999999999931e-03
3.749999999999999861e-03
5.000000000000000104e-03
3.125000000000000173e-03
3.749999999999999861e-03
3.749999999999999861e-03
1.874999999999999931e-03
3.125000000000000173e-03
1.250000000000000026e-03
2.500000000000000052e-03
2.500000000000000052e-03
3.125000000000000173e-03
3.749999999999999861e-03
4.375000000000000416e-03
3.749999999999999861e-03
5.000000000000000104e-03
5.000000000000000104e-03
4.375000000000000416e-03
3.125000000000000173e-03
2.500000000000000052e-03
1.874999999999999931e-03
1.874999999999999931e-03
1.874999999999999931e-03
5.000000000000000104e-03
3.749999999999999861e-03
3.749999999999999861e-03
2.500000000000000052e-03
3.125000000000000173e-03
2.500000000000000052e-03
2.500000000000000052e-03
2.500000000000000052e-03
5.000000000000000104e-03
2.500000000000000052e-03
3.125000000000000173e-03
3.125000000000000173e-03
1.250000000000000026e-03
3.125000000000000173e-03
1.250000000000000026e-03
1.874999999999999931e-03
3.125000000000000173e-03
5.000000000000000104e-03
4.375000000000000416e-03
1.250000000000000026e-03
1.874999999999999931e-03
1.250000000000000026e-03
3.125000000000000173e-03
3.125000000000000173e-03
3.125000000000000173e-03
5.624999999999999792e-03
2.500000000000000052e-03
4.375000000000000416e-03
4.375000000000000416e-03
4.375000000000000416e-03
5.000000000000000104e-03
3.125000000000000173e-03
3.749999999999999861e-03
1.250000000000000026e-03
3.125000000000000173e-03
3.125000000000000173e-03
4.375000000000000416e-03
2.500000000000000052e-03
5.624999999999999792e-03
5.000000000000000104e-03
3.125000000000000173e-03
1.250000000000000026e-03
3.125000000000000173e-03
1.250000000000000026e-03
3.125000000000000173e-03
2.500000000000000052e-03
6.250000000000000130e-04
2.500000000000000052e-03
4.375000000000000416e-03
3.125000000000000173e-03
6.250000000000000130e-04
5.000000000000000104e-03
4.375000000000000416e-03
3.749999999999999861e-03
1.874999999999999931e-03
1.874999999999999931e-03
3.125000000000000173e-03
5.000000000000000104e-03
2.500000000000000052e-03
3.125000000000000173e-03
4.375000000000000416e-03
3.749999999999999861e-03
3.125000000000000173e-03
3.749999999999999861e-03
