Z  S  b-         Anlj      g1        g2        g3        g4
1  K  01.513E+0  01.509E-5 04.882E-3 01.426E+1 -3.163E-2 02.426E-2
2  K  01.331E+0  02.567E-5 04.821E-3 01.143E+1 -2.959E-2 02.160E-2
3  K  01.253E+0  01.304E-5 06.617E-3 09.888E+0 -3.302E-2 02.482E-2
4  K  01.206E+0  06.679E-6 09.973E-3 09.308E+0 -4.437E-2 03.308E-2
5  K  01.210E+0  03.932E-6 01.366E-2 08.912E+0 -5.541E-2 03.989E-2
6  K  01.206E+0  02.610E-6 01.764E-2 08.570E+0 -6.750E-2 04.667E-2
7  K  01.196E+0  01.864E-6 02.295E-2 08.271E+0 -8.227E-2 05.777E-2
8  K  01.188E+0  01.399E-6 02.577E-2 08.009E+0 -8.980E-2 05.708E-2
9  K  01.178E+0  01.089E-6 03.046E-2 07.778E+0 -1.051E-1 06.340E-2
10 K  01.164E+0  08.717E-7 03.522E-2 07.570E+0 -1.199E-1 06.906E-2
11 K  01.164E+0  06.870E-7 04.274E-2 07.445E+0 -1.466E-1 08.146E-2
   L1 01.518E+0  04.881E-6 01.290E-2 01.156E+1 -6.870E-2 04.395E-2
12 K  01.156E+0  05.524E-7 04.856E-2 07.331E+0 -1.649E-1 08.554E-2
   L1 01.387E+0  04.069E-6 01.409E-2 01.100E+1 -7.484E-2 04.587E-2
   L2 01.016E+0  01.375E-5 07.356E-3 09.280E+0 -4.254E-2 02.784E-2
   L3 01.014E+0  02.768E-5 07.528E-3 09.282E+0 -4.014E-2 02.894E-2
13 K  01.146E+0  04.506E-7 05.507E-2 07.234E+0 -1.831E-1 08.972E-2
   L1 01.315E+0  03.316E-6 01.560E-2 01.068E+1 -7.772E-2 04.758E-2
   L2 01.017E+0  01.048E-5 08.418E-3 08.985E+0 -4.279E-2 02.994E-2
   L3 01.015E+0  02.111E-5 08.386E-3 08.987E+0 -3.872E-2 02.986E-2
14 K  01.136E+0  03.743E-7 06.205E-2 07.142E+0 -2.066E-1 09.527E-2
   L1 01.252E+0  02.749E-6 01.736E-2 01.043E+1 -8.262E-2 05.026E-2
   L2 09.997E-1  08.300E-6 09.557E-3 08.738E+0 -4.620E-2 03.241E-2
   L3 09.982E-1  01.674E-5 09.489E-3 08.740E+0 -4.121E-2 03.218E-2
15 K  01.127E+0  03.156E-7 07.222E-2 07.057E+0 -2.434E-1 01.106E-1
   L1 01.205E+0  02.315E-6 01.938E-2 01.022E+1 -8.912E-2 05.407E-2
   L2 09.774E-1  06.758E-6 01.055E-2 08.521E+0 -4.725E-2 03.392E-2
   L3 09.786E-1  01.364E-5 01.032E-2 08.522E+0 -4.071E-2 03.296E-2
16 K  01.114E+0  02.695E-7 08.037E-2 06.975E+0 -2.722E-1 01.174E-1
   L1 01.169E+0  01.975E-6 02.108E-2 01.003E+1 -9.275E-2 05.564E-2
   L2 09.601E-1  05.619E-6 01.158E-2 08.329E+0 -5.075E-2 03.549E-2
   L3 09.592E-1  01.135E-5 01.145E-2 08.330E+0 -4.370E-2 03.506E-2
17 K  01.093E+0  02.327E-7 08.711E-2 06.899E+0 -2.977E-1 01.188E-1
   L1 01.136E+0  01.705E-6 02.306E-2 09.864E+0 -9.774E-2 05.833E-2
   L2 09.441E-1  04.751E-6 01.273E-2 08.155E+0 -5.383E-2 03.751E-2
   L3 09.431E-1  09.611E-6 01.247E-2 08.155E+0 -4.470E-2 03.649E-2
18 K  01.075E+0  02.028E-7 01.030E-1 06.828E+0 -3.568E-1 01.494E-1
   L1 01.109E+0  01.485E-6 02.513E-2 09.712E+0 -1.043E-1 06.119E-2
   L2 09.295E-1  04.072E-6 01.387E-2 07.996E+0 -5.747E-2 03.942E-2
   L3 09.277E-1  08.248E-6 01.357E-2 07.996E+0 -4.683E-2 03.816E-2
19 K  01.053E+0  01.773E-7 01.086E-1 06.764E+0 -3.707E-1 01.430E-1
   L1 01.093E+0  01.268E-6 02.762E-2 09.561E+0 -1.111E-1 06.467E-2
   L2 09.401E-1  03.294E-6 01.586E-2 07.926E+0 -6.340E-2 04.308E-2
   L3 09.380E-1  06.680E-6 01.543E-2 07.924E+0 -4.925E-2 04.132E-2
20 K  01.032E+0  01.560E-7 01.290E-1 06.713E+0 -4.398E-1 01.824E-1
   L1 01.115E+0  01.090E-6 02.953E-2 09.325E+0 -1.167E-1 06.593E-2
   L2 09.899E-1  02.525E-6 01.954E-2 07.970E+0 -7.924E-2 05.084E-2
   L3 09.881E-1  05.118E-6 01.901E-2 07.970E+0 -6.268E-2 04.876E-2
   M1 01.840E+0  03.696E-6 01.669E-2 01.392E+1 -1.004E-1 06.193E-2
21 K  01.012E+0  01.387E-7 01.461E-1 06.656E+0 -5.033E-1 02.114E-1
   L1 01.106E+0  09.665E-7 03.157E-2 09.170E+0 -1.219E-1 06.769E-2
   L2 09.927E-1  02.161E-6 02.172E-2 07.884E+0 -8.635E-2 05.473E-2
   L3 09.909E-1  04.385E-6 02.108E-2 07.884E+0 -6.784E-2 05.226E-2
   M1 01.820E+0  03.438E-6 01.706E-2 01.328E+1 -9.937E-2 06.144E-2
22 K  09.790E-1  01.241E-7 01.467E-1 06.594E+0 -5.069E-1 01.897E-1
   L1 01.096E+0  08.649E-7 03.357E-2 09.025E+0 -1.269E-1 06.919E-2
   L2 09.909E-1  01.877E-6 02.357E-2 07.799E+0 -9.174E-2 05.672E-2
   L3 09.901E-1  03.812E-6 02.295E-2 07.798E+0 -7.155E-2 05.467E-2
   M1 01.804E+0  03.202E-6 01.658E-2 01.281E+1 -7.459E-2 05.549E-2
23 K  09.527E-1  01.117E-7 01.653E-1 06.540E+0 -5.728E-1 02.216E-1
   L1 01.085E+0  07.793E-7 03.594E-2 08.890E+0 -1.343E-1 07.211E-2
   L2 09.877E-1  01.648E-6 02.588E-2 07.714E+0 -1.007E-1 06.095E-2
   L3 09.886E-1  03.352E-6 02.478E-2 07.713E+0 -7.559E-2 05.674E-2
   M1 01.788E+0  02.986E-6 01.807E-2 01.245E+1 -9.887E-2 06.182E-2
   M2 01.382E+0  04.215E-6 01.968E-2 01.415E+1 -1.164E-1 07.247E-2
24 K  09.238E-1  01.010E-7 01.822E-1 06.487E+0 -6.295E-1 02.461E-1
   L1 01.076E+0  07.061E-7 03.808E-2 08.764E+0 -1.403E-1 07.385E-2
   L2 09.870E-1  01.460E-6 02.815E-2 07.631E+0 -1.072E-1 06.449E-2
   L3 09.846E-1  02.973E-6 02.676E-2 07.629E+0 -7.894E-2 05.922E-2
   M1 01.753E+0  02.789E-6 01.866E-2 01.215E+1 -9.934E-2 06.237E-2
   M2 01.360E+0  03.868E-6 02.049E-2 01.378E+1 -1.181E-1 07.376E-2
   M3 01.351E+0  08.054E-6 01.980E-2 01.366E+1 -1.123E-1 07.138E-2
25 K  08.942E-1  09.177E-8 02.028E-1 06.437E+0 -6.982E-1 02.804E-1
   L1 01.065E+0  06.430E-7 03.990E-2 08.644E+0 -1.441E-1 07.410E-2
   L2 09.809E-1  01.303E-6 03.003E-2 07.550E+0 -1.120E-1 06.616E-2
   L3 09.812E-1  02.658E-6 02.772E-2 07.548E+0 -7.674E-2 05.707E-2
   M1 01.735E+0  02.607E-6 01.892E-2 01.188E+1 -9.190E-2 06.094E-2
   M2 01.355E+0  03.568E-6 02.111E-2 01.346E+1 -1.148E-1 07.385E-2
   M3 01.343E+0  07.463E-6 02.050E-2 01.333E+1 -1.114E-1 07.226E-2
26 K  08.633E-1  08.371E-8 02.246E-1 06.389E+0 -7.702E-1 03.165E-1
   L1 01.055E+0  05.880E-7 03.863E-2 08.526E+0 -1.254E-1 06.123E-2
   L2 09.755E-1  01.170E-6 03.286E-2 07.476E+0 -1.266E-1 07.173E-2
   L3 09.760E-1  02.391E-6 03.030E-2 07.471E+0 -8.532E-2 06.189E-2
   M1 01.722E+0  02.441E-6 01.949E-2 01.166E+1 -9.168E-2 06.128E-2
   M2 01.350E+0  03.303E-6 02.193E-2 01.319E+1 -1.167E-1 07.517E-2
   M3 01.337E+0  06.941E-6 02.121E-2 01.305E+1 -1.128E-1 07.327E-2
27 K  08.318E-1  07.665E-8 02.483E-1 06.345E+0 -8.498E-1 03.575E-1
   L1 01.045E+0  05.398E-7 04.425E-2 08.426E+0 -1.558E-1 07.697E-2
   L2 09.711E-1  01.057E-6 03.484E-2 07.400E+0 -1.322E-1 07.336E-2
   L3 09.713E-1  02.164E-6 03.131E-2 07.393E+0 -8.315E-2 05.983E-2
   M1 01.712E+0  02.288E-6 02.048E-2 01.146E+1 -1.001E-1 06.405E-2
   M2 01.346E+0  03.067E-6 02.284E-2 01.295E+1 -1.211E-1 07.694E-2
   M3 01.333E+0  06.474E-6 02.193E-2 01.280E+1 -1.138E-1 07.429E-2
28 K  07.986E-1  07.042E-8 02.733E-1 06.302E+0 -9.306E-1 04.007E-1
   L1 01.034E+0  04.972E-7 04.699E-2 08.326E+0 -1.654E-1 08.039E-2
   L2 09.657E-1  09.602E-7 03.347E-2 07.319E+0 -1.120E-1 06.103E-2
   L3 09.650E-1  01.968E-6 03.438E-2 07.320E+0 -9.346E-2 06.618E-2
   M1 01.700E+0  02.147E-6 02.051E-2 01.127E+1 -8.739E-2 06.104E-2
   M2 01.343E+0  02.854E-6 02.388E-2 01.273E+1 -1.281E-1 07.945E-2
   M3 01.328E+0  06.054E-6 02.268E-2 01.258E+1 -1.155E-1 07.542E-2
29 K  07.650E-1  06.490E-8 03.024E-1 06.261E+0 -1.024E+0 04.543E-1
   L1 01.023E+0  04.594E-7 04.938E-2 08.231E+0 -1.726E-1 08.225E-2
   L2 09.586E-1  08.758E-7 04.007E-2 07.257E+0 -1.513E-1 08.131E-2
   L3 09.586E-1  01.799E-6 03.611E-2 07.248E+0 -9.564E-2 06.680E-2
   M1 01.689E+0  02.018E-6 02.185E-2 01.112E+1 -1.023E-1 06.569E-2
   M2 01.341E+0  02.661E-6 02.451E-2 01.254E+1 -1.238E-1 07.930E-2
   M3 01.325E+0  05.674E-6 02.352E-2 01.238E+1 -1.189E-1 07.706E-2
30 K  07.299E-1  05.999E-8 03.351E-1 06.223E+0 -1.128E+0 05.167E-1
   L1 01.013E+0  04.257E-7 05.131E-2 08.140E+0 -1.772E-1 08.219E-2
   L2 09.516E-1  08.021E-7 04.250E-2 07.189E+0 -1.594E-1 08.424E-2
   L3 09.518E-1  01.651E-6 03.778E-2 07.181E+0 -1.008E-1 06.720E-2
   M1 01.678E+0  01.898E-6 02.283E-2 01.098E+1 -1.088E-1 06.806E-2
   M2 01.344E+0  02.486E-6 02.566E-2 01.237E+1 -1.322E-1 08.225E-2
   M3 01.323E+0  05.327E-6 02.437E-2 01.220E+1 -1.224E-1 07.872E-2
31 K  06.932E-1  05.543E-8 03.576E-1 06.192E+0 -1.207E+0 05.513E-1
   L1 01.009E+0  03.894E-7 05.369E-2 08.063E+0 -1.830E-1 08.253E-2
   L2 09.553E-1  07.178E-7 04.678E-2 07.164E+0 -1.749E-1 09.184E-2
   L3 09.591E-1  01.478E-6 04.155E-2 07.156E+0 -1.103E-1 07.318E-2
   M1 01.666E+0  01.720E-6 02.391E-2 01.082E+1 -1.088E-1 06.850E-2
   M2 01.305E+0  02.267E-6 02.606E-2 01.193E+1 -1.307E-1 08.035E-2
   M3 01.286E+0  04.885E-6 02.459E-2 01.174E+1 -1.182E-1 07.635E-2
32 K  06.581E-1  05.135E-8 04.316E-1 06.171E+0 -1.416E+0 07.142E-1
   L1 01.004E+0  03.571E-7 05.615E-2 07.993E+0 -1.895E-1 08.278E-2
   L2 09.537E-1  06.456E-7 05.139E-2 07.141E+0 -1.944E-1 01.007E-1
   L3 09.538E-1  01.331E-6 04.485E-2 07.135E+0 -1.231E-1 07.773E-2
   M1 01.638E+0  01.568E-6 02.460E-2 01.070E+1 -1.039E-1 06.665E-2
   M2 01.254E+0  02.123E-6 02.581E-2 01.147E+1 -1.246E-1 07.619E-2
   M3 01.228E+0  04.599E-6 02.430E-2 01.128E+1 -1.122E-1 07.239E-2
33 K  06.187E-1  04.768E-8 04.293E-1 06.137E+0 -1.426E+0 06.821E-1
   L1 09.954E-1  03.284E-7 05.883E-2 07.927E+0 -1.970E-1 08.351E-2
   L2 09.528E-1  05.834E-7 05.527E-2 07.119E+0 -2.107E-1 01.060E-1
   L3 09.542E-1  01.204E-6 04.680E-2 07.113E+0 -1.270E-1 07.620E-2
   M1 01.607E+0  01.435E-6 02.657E-2 01.059E+1 -1.223E-1 07.197E-2
   M2 01.206E+0  02.004E-6 02.594E-2 01.106E+1 -1.240E-1 07.451E-2
   M3 01.182E+0  04.361E-6 02.419E-2 01.087E+1 -1.095E-1 06.986E-2
   M4 05.086E-1  02.422E-5 09.456E-3 08.770E+0 -5.403E-2 03.499E-2
   M5 05.102E-1  03.680E-5 09.363E-3 08.777E+0 -4.896E-2 03.468E-2
34 K  05.811E-1  04.437E-8 04.567E-1 06.109E+0 -1.516E+0 07.267E-1
   L1 09.868E-1  03.027E-7 06.121E-2 07.866E+0 -2.046E-1 08.296E-2
   L2 09.493E-1  05.295E-7 05.959E-2 07.096E+0 -2.261E-1 01.125E-1
   L3 09.515E-1  01.094E-6 05.038E-2 07.091E+0 -1.375E-1 08.068E-2
   M1 01.582E+0  01.317E-6 02.767E-2 01.050E+1 -1.235E-1 07.212E-2
   M2 01.160E+0  01.897E-6 02.580E-2 01.069E+1 -1.200E-1 07.142E-2
   M3 01.135E+0  04.146E-6 02.400E-2 01.051E+1 -1.045E-1 06.684E-2
   M4 05.437E-1  02.079E-5 01.032E-2 08.591E+0 -5.565E-2 03.687E-2
   M5 05.483E-1  03.158E-5 01.022E-2 08.598E+0 -4.982E-2 03.659E-2
35 K  05.433E-1  04.137E-8 05.019E-1 06.090E+0 -1.665E+0 08.226E-1
   L1 09.794E-1  02.797E-7 06.348E-2 07.808E+0 -2.102E-1 08.171E-2
   L2 09.459E-1  04.824E-7 06.375E-2 07.073E+0 -2.422E-1 01.181E-1
   L3 09.475E-1  09.975E-7 05.191E-2 07.070E+0 -1.408E-1 07.734E-2
   M1 01.563E+0  01.213E-6 02.906E-2 01.041E+1 -1.293E-1 07.372E-2
   M2 01.118E+0  01.797E-6 02.600E-2 01.038E+1 -1.187E-1 07.002E-2
   M3 01.090E+0  03.945E-6 02.413E-2 01.020E+1 -1.029E-1 06.545E-2
   M4 05.433E-1  01.811E-5 01.120E-2 08.435E+0 -5.837E-2 03.894E-2
   M5 05.479E-1  02.752E-5 01.105E-2 08.441E+0 -5.202E-2 03.836E-2
36 K  05.051E-1  03.865E-8 05.468E-1 06.069E+0 -1.803E+0 09.116E-1
   L1 09.715E-1  02.590E-7 06.618E-2 07.753E+0 -2.184E-1 08.180E-2
   L2 09.358E-1  04.411E-7 06.868E-2 07.049E+0 -2.590E-1 01.258E-1
   L3 09.409E-1  09.132E-7 05.580E-2 07.047E+0 -1.503E-1 08.221E-2
   M1 01.540E+0  01.120E-6 03.059E-2 01.033E+1 -1.349E-1 07.582E-2
   M2 01.084E+0  01.703E-6 02.619E-2 01.011E+1 -1.174E-1 06.850E-2
   M3 01.056E+0  03.753E-6 02.411E-2 09.924E+0 -9.880E-2 06.321E-2
   M4 05.429E-1  01.598E-5 01.190E-2 08.294E+0 -5.768E-2 03.989E-2
   M5 05.429E-1  02.428E-5 01.178E-2 08.299E+0 -5.089E-2 03.953E-2
37 K  04.658E-1  03.613E-8 05.759E-1 06.049E+0 -1.898E+0 09.564E-1
   L1 09.632E-1  02.392E-7 06.918E-2 07.707E+0 -2.281E-1 08.223E-2
   L2 09.349E-1  04.017E-7 07.611E-2 07.041E+0 -2.871E-1 01.408E-1
   L3 09.387E-1  08.324E-7 06.037E-2 07.038E+0 -1.619E-1 08.783E-2
   M1 01.519E+0  01.014E-6 03.293E-2 01.032E+1 -1.425E-1 07.990E-2
   M2 01.056E+0  01.588E-6 02.669E-2 09.892E+0 -1.178E-1 06.757E-2
   M3 01.026E+0  03.510E-6 02.447E-2 09.711E+0 -9.700E-2 06.199E-2
   M4 05.437E-1  01.414E-5 01.246E-2 08.143E+0 -5.845E-2 04.031E-2
   M5 05.459E-1  02.149E-5 01.226E-2 08.148E+0 -4.963E-2 03.947E-2
38 K  04.256E-1  03.383E-8 06.171E-1 06.036E+0 -2.035E+0 01.038E+0
   L1 09.582E-1  02.212E-7 07.035E-2 07.650E+0 -2.288E-1 07.614E-2
   L2 09.338E-1  03.632E-7 08.282E-2 07.057E+0 -3.148E-1 01.515E-1
   L3 09.395E-1  07.530E-7 06.547E-2 07.056E+0 -1.795E-1 09.398E-2
   M1 01.512E+0  09.196E-7 03.474E-2 01.030E+1 -1.480E-1 08.147E-2
   M2 01.047E+0  01.453E-6 02.817E-2 09.780E+0 -1.225E-1 06.948E-2
   M3 01.018E+0  03.212E-6 02.588E-2 09.609E+0 -1.025E-1 06.410E-2
   M4 05.945E-1  01.263E-5 01.293E-2 07.980E+0 -5.856E-2 04.035E-2
   M5 05.964E-1  01.919E-5 01.266E-2 07.982E+0 -4.638E-2 03.913E-2
39 K  03.882E-1  03.174E-8 06.608E-1 06.018E+0 -2.175E+0 01.125E+0
   L1 09.472E-1  02.055E-7 07.060E-2 07.600E+0 -2.296E-1 06.757E-2
   L2 09.258E-1  03.325E-7 09.018E-2 07.054E+0 -3.432E-1 01.649E-1
   L3 09.316E-1  06.899E-7 06.916E-2 07.054E+0 -1.914E-1 09.585E-2
   M1 01.492E+0  08.461E-7 03.648E-2 01.026E+1 -1.537E-1 08.325E-2
   M2 01.036E+0  01.352E-6 02.939E-2 09.645E+0 -1.264E-1 07.097E-2
   M3 01.009E+0  02.995E-6 02.693E-2 09.476E+0 -1.050E-1 06.528E-2
   M4 06.208E-1  01.139E-5 01.347E-2 07.855E+0 -5.737E-2 04.060E-2
   M5 06.236E-1  01.731E-5 01.318E-2 07.858E+0 -4.572E-2 03.943E-2
40 K  03.479E-1  02.983E-8 06.966E-1 06.004E+0 -2.294E+0 01.187E+0
   L1 09.371E-1  01.915E-7 07.440E-2 07.553E+0 -2.414E-1 07.023E-2
   L2 09.185E-1  03.057E-7 09.773E-2 07.049E+0 -3.738E-1 01.786E-1
   L3 09.247E-1  06.347E-7 07.328E-2 07.049E+0 -2.034E-1 09.897E-2
   M1 01.475E+0  07.828E-7 03.813E-2 01.021E+1 -1.587E-1 08.461E-2
   M2 01.023E+0  01.260E-6 03.024E-2 09.524E+0 -1.306E-1 07.092E-2
   M3 09.942E-1  02.799E-6 02.758E-2 09.354E+0 -1.047E-1 06.444E-2
   M4 06.443E-1  01.034E-5 01.407E-2 07.744E+0 -5.802E-2 04.128E-2
   M5 06.457E-1  01.573E-5 01.378E-2 07.747E+0 -4.587E-2 04.011E-2
41 K  03.071E-1  02.808E-8 07.501E-1 05.992E+0 -2.464E+0 01.302E+0
   L1 09.262E-1  01.788E-7 07.541E-2 07.505E+0 -2.414E-1 06.325E-2
   L2 09.106E-1  02.820E-7 01.071E-1 07.043E+0 -4.094E-1 01.974E-1
   L3 09.177E-1  05.860E-7 07.850E-2 07.044E+0 -2.205E-1 01.055E-1
   M1 01.458E+0  07.271E-7 03.978E-2 01.015E+1 -1.640E-1 08.602E-2
   M2 01.007E+0  01.176E-6 03.125E-2 09.414E+0 -1.321E-1 07.118E-2
   M3 09.794E-1  02.622E-6 02.785E-2 09.242E+0 -9.898E-2 06.165E-2
   M4 06.669E-1  09.445E-6 01.280E-2 07.630E+0 -2.989E-2 03.188E-2
   M5 06.668E-1  01.437E-5 01.440E-2 07.644E+0 -4.594E-2 04.090E-2
42 K  02.692E-1  02.647E-8 07.942E-1 05.981E+0 -2.590E+0 01.369E+0
   L1 09.134E-1  01.673E-7 07.731E-2 07.461E+0 -2.476E-1 05.958E-2
   L2 09.015E-1  02.608E-7 01.160E-1 07.036E+0 -4.429E-1 02.144E-1
   L3 09.085E-1  05.427E-7 08.256E-2 07.039E+0 -2.347E-1 01.080E-1
   M1 01.445E+0  06.776E-7 04.148E-2 01.010E+1 -1.696E-1 08.760E-2
   M2 09.925E-1  01.100E-6 03.275E-2 09.316E+0 -1.388E-1 07.359E-2
   M3 09.633E-1  02.460E-6 02.956E-2 09.144E+0 -1.078E-1 06.570E-2
   M4 06.773E-1  08.669E-6 01.543E-2 07.546E+0 -6.078E-2 04.337E-2
   M5 06.820E-1  01.320E-5 01.497E-2 07.547E+0 -4.456E-2 04.142E-2
43 K  02.331E-1  02.500E-8 08.342E-1 05.969E+0 -2.743E+0 01.462E+0
   L1 09.018E-1  01.572E-7 07.854E-2 07.415E+0 -2.508E-1 05.382E-2
   L2 08.906E-1  02.430E-7 01.257E-1 07.018E+0 -4.785E-1 02.339E-1
   L3 08.965E-1  05.063E-7 08.778E-2 07.024E+0 -2.538E-1 01.147E-1
   M1 01.426E+0  06.396E-7 04.324E-2 01.001E+1 -1.759E-1 09.012E-2
   M2 09.799E-1  01.042E-6 03.379E-2 09.194E+0 -1.420E-1 07.456E-2
   M3 09.481E-1  02.342E-6 03.039E-2 09.016E+0 -1.095E-1 06.647E-2
   M4 06.900E-1  07.999E-6 01.629E-2 07.463E+0 -6.232E-2 04.505E-2
   M5 06.928E-1  01.219E-5 01.563E-2 07.465E+0 -4.468E-2 04.221E-2
44 K  01.942E-1  02.362E-8 08.868E-1 05.958E+0 -2.916E+0 01.578E+0
   L1 08.878E-1  01.476E-7 07.390E-2 07.370E+0 -2.336E-1 02.951E-2
   L2 08.808E-1  02.260E-7 01.380E-1 07.010E+0 -5.249E-1 02.612E-1
   L3 08.874E-1  04.713E-7 09.401E-2 07.018E+0 -2.759E-1 01.242E-1
   M1 01.411E+0  05.989E-7 04.612E-2 09.961E+0 -1.872E-1 09.656E-2
   M2 09.693E-1  09.769E-7 03.511E-2 09.110E+0 -1.458E-1 07.581E-2
   M3 09.336E-1  02.204E-6 03.164E-2 08.930E+0 -1.127E-1 06.802E-2
   M4 06.960E-1  07.401E-6 01.701E-2 07.380E+0 -6.549E-2 04.616E-2
   M5 06.996E-1  01.128E-5 01.647E-2 07.380E+0 -4.693E-2 04.397E-2
45 K  01.543E-1  02.235E-8 09.226E-1 05.949E+0 -3.049E+0 01.649E+0
   L1 08.749E-1  01.388E-7 07.914E-2 07.331E+0 -2.520E-1 03.591E-2
   L2 08.687E-1  02.106E-7 01.483E-1 07.000E+0 -5.608E-1 02.803E-1
   L3 08.760E-1  04.398E-7 09.843E-2 07.011E+0 -2.901E-1 01.268E-1
   M1 01.401E+0  05.620E-7 04.757E-2 09.907E+0 -1.928E-1 09.711E-2
   M2 09.548E-1  09.171E-7 03.685E-2 09.034E+0 -1.540E-1 07.894E-2
   M3 09.219E-1  02.078E-6 03.274E-2 08.850E+0 -1.147E-1 06.887E-2
   M4 06.996E-1  06.870E-6 01.765E-2 07.297E+0 -6.443E-2 04.678E-2
   M5 07.051E-1  01.048E-5 01.689E-2 07.299E+0 -4.472E-2 04.353E-2
46 K  01.198E-1  02.117E-8 09.814E-1 05.941E+0 -3.232E+0 01.772E+0
   L1 08.590E-1  01.307E-7 07.917E-2 07.291E+0 -2.525E-1 02.616E-2
   L2 08.538E-1  01.967E-7 01.541E-1 06.987E+0 -5.758E-1 02.834E-1
   L3 08.641E-1  04.112E-7 01.031E-1 07.003E+0 -3.057E-1 01.302E-1
   M1 01.384E+0  05.284E-7 04.923E-2 09.854E+0 -1.977E-1 09.810E-2
   M2 09.396E-1  08.621E-7 03.848E-2 08.963E+0 -1.602E-1 08.122E-2
   M3 09.049E-1  01.961E-6 03.408E-2 08.774E+0 -1.189E-1 07.069E-2
   M4 06.990E-1  06.396E-6 01.853E-2 07.221E+0 -6.750E-2 04.859E-2
   M5 07.030E-1  09.761E-6 01.782E-2 07.222E+0 -4.677E-2 04.568E-2
47 K  08.182E-2  02.008E-8 01.008E+0 05.930E+0 -3.326E+0 01.804E+0
   L1 08.430E-1  01.233E-7 07.739E-2 07.251E+0 -2.477E-1 01.104E-2
   L2 08.424E-1  01.841E-7 01.717E-1 06.980E+0 -6.422E-1 03.258E-1
   L3 08.517E-1  03.853E-7 01.062E-1 06.994E+0 -3.135E-1 01.279E-1
   M1 01.370E+0  04.976E-7 05.103E-2 09.802E+0 -2.034E-1 09.955E-2
   M2 09.257E-1  08.114E-7 04.022E-2 08.896E+0 -1.662E-1 08.377E-2
   M3 08.904E-1  01.854E-6 03.543E-2 08.703E+0 -1.223E-1 07.231E-2
   M4 06.993E-1  05.972E-6 01.936E-2 07.149E+0 -7.007E-2 04.986E-2
   M5 07.037E-1  09.119E-6 01.862E-2 07.148E+0 -4.711E-2 04.703E-2
48 K  04.601E-2  01.905E-8 01.070E+0 05.926E+0 -3.508E+0 01.921E+0
   L1 08.258E-1  01.162E-7 07.655E-2 07.216E+0 -2.471E-1 -1.507E-3
   L2 08.289E-1  01.719E-7 01.875E-1 06.982E+0 -7.006E-1 03.605E-1
   L3 08.417E-1  03.601E-7 01.153E-1 06.999E+0 -3.473E-1 01.443E-1
   M1 01.348E+0  04.649E-7 05.270E-2 09.777E+0 -2.084E-1 09.926E-2
   M2 09.055E-1  07.559E-7 04.278E-2 08.869E+0 -1.769E-1 08.856E-2
   M3 08.707E-1  01.732E-6 03.729E-2 08.673E+0 -1.271E-1 07.485E-2
   M4 06.864E-1  05.585E-6 02.026E-2 07.074E+0 -7.271E-2 05.172E-2
   M5 06.891E-1  08.534E-6 01.942E-2 07.073E+0 -4.919E-2 04.847E-2
49 K  01.033E-2  01.808E-8 01.128E+0 05.924E+0 -3.697E+0 02.044E+0
   L1 08.105E-1  01.095E-7 07.426E-2 07.185E+0 -2.417E-1 -1.864E-2
   L2 08.148E-1  01.608E-7 02.053E-1 06.983E+0 -7.617E-1 03.991E-1
   L3 08.265E-1  03.370E-7 01.182E-1 07.000E+0 -3.540E-1 01.401E-1
   M1 01.330E+0  04.327E-7 05.546E-2 09.774E+0 -2.175E-1 01.030E-1
   M2 08.934E-1  07.042E-7 04.482E-2 08.844E+0 -1.838E-1 09.079E-2
   M3 08.558E-1  01.618E-6 03.932E-2 08.648E+0 -1.332E-1 07.787E-2
   M4 06.770E-1  05.233E-6 02.141E-2 07.000E+0 -7.519E-2 05.460E-2
   M5 06.816E-1  08.003E-6 02.025E-2 06.998E+0 -4.783E-2 04.988E-2
50 K  -2.786E-2  01.718E-8 01.156E+0 05.920E+0 -3.832E+0 02.113E+0
   L1 07.927E-1  01.033E-7 07.128E-2 07.156E+0 -2.360E-1 -3.764E-2
   L2 07.985E-1  01.506E-7 02.141E-1 06.979E+0 -7.775E-1 04.037E-1
   L3 08.134E-1  03.159E-7 01.244E-1 07.004E+0 -3.757E-1 01.461E-1
   M1 01.313E+0  04.037E-7 05.736E-2 09.771E+0 -2.244E-1 01.032E-1
   M2 08.768E-1  06.572E-7 04.783E-2 08.823E+0 -1.949E-1 09.669E-2
   M3 08.405E-1  01.515E-6 04.162E-2 08.624E+0 -1.397E-1 08.164E-2
   M4 06.685E-1  04.914E-6 02.212E-2 06.930E+0 -7.443E-2 05.525E-2
   M5 06.743E-1  07.521E-6 02.105E-2 06.929E+0 -4.926E-2 05.111E-2
51 K  -6.098E-2  01.634E-8 01.211E+0 05.920E+0 -4.020E+0 02.233E+0
   L1 07.757E-1  09.753E-8 06.904E-2 07.128E+0 -2.320E-1 -5.453E-2
   L2 07.831E-1  01.413E-7 02.357E-1 06.979E+0 -8.588E-1 04.572E-1
   L3 08.006E-1  02.966E-7 01.309E-1 07.008E+0 -3.987E-1 01.529E-1
   M1 01.304E+0  03.773E-7 06.016E-2 09.768E+0 -2.342E-1 01.064E-1
   M2 08.630E-1  06.141E-7 05.099E-2 08.804E+0 -2.087E-1 01.031E-1
   M3 08.287E-1  01.420E-6 04.397E-2 08.602E+0 -1.483E-1 08.580E-2
   M4 06.569E-1  04.624E-6 02.318E-2 06.863E+0 -7.780E-2 05.761E-2
   M5 06.682E-1  07.083E-6 02.162E-2 06.862E+0 -4.894E-2 05.128E-2
52 K  -9.681E-2  01.556E-8 01.273E+0 05.920E+0 -4.230E+0 02.377E+0
   L1 07.565E-1  09.222E-8 06.477E-2 07.100E+0 -2.230E-1 -7.696E-2
   L2 07.666E-1  01.328E-7 02.556E-1 06.979E+0 -9.242E-1 04.995E-1
   L3 07.849E-1  02.790E-7 01.371E-1 07.014E+0 -4.210E-1 01.575E-1
   M1 01.289E+0  03.532E-7 06.277E-2 09.763E+0 -2.416E-1 01.087E-1
   M2 08.537E-1  05.748E-7 05.246E-2 08.787E+0 -2.163E-1 01.030E-1
   M3 08.204E-1  01.333E-6 04.544E-2 08.581E+0 -1.511E-1 08.591E-2
   M4 06.516E-1  04.359E-6 02.363E-2 06.797E+0 -7.674E-2 05.726E-2
   M5 06.536E-1  06.682E-6 02.205E-2 06.793E+0 -4.426E-2 05.102E-2
53 K  -1.265E-1  01.482E-8 01.329E+0 05.919E+0 -4.382E+0 02.455E+0
   L1 07.389E-1  08.729E-8 06.111E-2 07.073E+0 -2.161E-1 -9.765E-2
   L2 07.507E-1  01.250E-7 02.810E-1 06.980E+0 -1.007E+0 05.567E-1
   L3 07.697E-1  02.628E-7 01.463E-1 07.017E+0 -4.520E-1 01.722E-1
   M1 01.278E+0  03.312E-7 06.561E-2 09.760E+0 -2.523E-1 01.118E-1
   M2 08.436E-1  05.387E-7 05.625E-2 08.771E+0 -2.296E-1 01.108E-1
   M3 08.039E-1  01.254E-6 04.775E-2 08.562E+0 -1.580E-1 08.934E-2
   M4 06.471E-1  04.115E-6 02.538E-2 06.739E+0 -8.730E-2 06.246E-2
   M5 06.552E-1  06.313E-6 02.337E-2 06.732E+0 -4.899E-2 05.451E-2
54 K  -1.625E-1  01.413E-8 01.383E+0 05.922E+0 -4.598E+0 02.603E+0
   L1 07.179E-1  08.270E-8 05.420E-2 07.047E+0 -2.009E-1 -1.272E-1
   L2 07.256E-1  01.178E-7 02.874E-1 06.978E+0 -1.031E+0 05.542E-1
   L3 07.533E-1  02.480E-7 01.547E-1 07.021E+0 -4.812E-1 01.836E-1
   M1 01.276E+0  03.110E-7 06.840E-2 09.757E+0 -2.605E-1 01.145E-1
   M2 08.305E-1  05.056E-7 05.877E-2 08.757E+0 -2.410E-1 01.141E-1
   M3 07.912E-1  01.181E-6 04.915E-2 08.543E+0 -1.607E-1 08.874E-2
   M4 06.417E-1  03.890E-6 02.581E-2 06.676E+0 -8.404E-2 06.200E-2
   M5 06.455E-1  05.973E-6 02.326E-2 06.669E+0 -4.124E-2 05.154E-2
55 K  -1.911E-1  01.347E-8 01.438E+0 05.922E+0 -4.783E+0 02.722E+0
   L1 06.975E-1  07.831E-8 05.013E-2 07.024E+0 -1.955E-1 -1.491E-1
   L2 07.143E-1  01.108E-7 03.320E-1 06.993E+0 -1.174E+0 06.681E-1
   L3 07.373E-1  02.334E-7 01.655E-1 07.035E+0 -5.152E-1 01.997E-1
   M1 01.258E+0  02.908E-7 07.179E-2 09.765E+0 -2.717E-1 01.188E-1
   M2 08.229E-1  04.704E-7 06.346E-2 08.778E+0 -2.572E-1 01.238E-1
   M3 07.803E-1  01.102E-6 05.310E-2 08.561E+0 -1.724E-1 09.692E-2
   M4 06.553E-1  03.677E-6 02.764E-2 06.615E+0 -8.532E-2 06.632E-2
   M5 06.514E-1  05.652E-6 02.462E-2 06.607E+0 -3.962E-2 05.441E-2
56 K  -2.210E-1  01.286E-8 01.509E+0 05.927E+0 -5.009E+0 02.875E+0
   L1 06.798E-1  07.421E-8 04.347E-2 06.997E+0 -1.823E-1 -1.777E-1
   L2 06.952E-1  01.043E-7 03.513E-1 06.996E+0 -1.226E+0 06.997E-1
   L3 07.213E-1  02.197E-7 01.699E-1 07.047E+0 -5.331E-1 01.975E-1
   M1 01.286E+0  02.720E-7 07.410E-2 09.597E+0 -2.816E-1 01.188E-1
   M2 08.629E-1  04.377E-7 06.150E-2 08.512E+0 -2.429E-1 01.128E-1
   M3 08.264E-1  01.027E-6 05.039E-2 08.292E+0 -1.544E-1 08.417E-2
   M4 07.092E-1  02.830E-6 03.293E-2 06.822E+0 -1.106E-1 07.377E-2
   M5 07.184E-1  04.344E-6 02.970E-2 06.815E+0 -6.174E-2 06.132E-2
57 K  -2.505E-1  01.228E-8 01.556E+0 05.933E+0 -5.183E+0 02.968E+0
   L1 06.600E-1  07.044E-8 03.603E-2 06.972E+0 -1.670E-1 -2.085E-1
   L2 06.786E-1  09.849E-8 03.935E-1 07.002E+0 -1.340E+0 07.909E-1
   L3 07.037E-1  02.077E-7 01.776E-1 07.059E+0 -5.632E-1 02.051E-1
   M1 01.283E+0  02.556E-7 07.605E-2 09.551E+0 -2.882E-1 01.174E-1
   M2 08.661E-1  04.101E-7 06.374E-2 08.439E+0 -2.504E-1 01.151E-1
   M3 08.324E-1  09.657E-7 05.193E-2 08.215E+0 -1.576E-1 08.493E-2
   M4 07.243E-1  02.536E-6 03.583E-2 06.849E+0 -1.200E-1 07.830E-2
   M5 07.325E-1  03.888E-6 03.226E-2 06.843E+0 -6.708E-2 06.450E-2
58 K  -2.781E-1  01.175E-8 01.620E+0 05.936E+0 -5.402E+0 03.118E+0
   L1 06.383E-1  06.711E-8 02.910E-2 06.945E+0 -1.534E-1 -2.373E-1
   L2 06.585E-1  09.355E-8 04.244E-1 06.996E+0 -1.457E+0 08.713E-1
   L3 06.864E-1  01.975E-7 01.907E-1 07.053E+0 -6.035E-1 02.291E-1
   M1 01.274E+0  02.434E-7 07.741E-2 09.502E+0 -2.888E-1 01.147E-1
   M2 08.593E-1  03.900E-7 06.571E-2 08.380E+0 -2.569E-1 01.168E-1
   M3 08.253E-1  09.233E-7 05.272E-2 08.148E+0 -1.562E-1 08.331E-2
   M4 07.229E-1  02.380E-6 03.772E-2 06.818E+0 -1.271E-1 08.181E-2
   M5 07.289E-1  03.652E-6 03.356E-2 06.812E+0 -6.999E-2 06.588E-2
59 K  -3.092E-1  01.124E-8 01.662E+0 05.937E+0 -5.558E+0 03.197E+0
   L1 06.174E-1  06.400E-8 02.242E-2 06.918E+0 -1.416E-1 -2.650E-1
   L2 06.369E-1  08.897E-8 04.524E-1 06.986E+0 -1.541E+0 09.305E-1
   L3 06.679E-1  01.881E-7 02.008E-1 07.048E+0 -6.379E-1 02.443E-1
   M1 01.266E+0  02.320E-7 08.091E-2 09.459E+0 -3.046E-1 01.207E-1
   M2 08.512E-1  03.714E-7 06.802E-2 08.323E+0 -2.654E-1 01.198E-1
   M3 08.176E-1  08.842E-7 05.378E-2 08.084E+0 -1.574E-1 08.283E-2
   M4 07.212E-1  02.241E-6 03.931E-2 06.786E+0 -1.325E-1 08.405E-2
   M5 07.251E-1  03.442E-6 03.457E-2 06.778E+0 -7.014E-2 06.598E-2
60 K  -3.346E-1  01.076E-8 01.742E+0 05.941E+0 -5.783E+0 03.339E+0
   L1 05.953E-1  06.108E-8 01.451E-2 06.893E+0 -1.279E-1 -2.958E-1
   L2 06.141E-1  08.472E-8 04.857E-1 06.977E+0 -1.633E+0 09.979E-1
   L3 06.496E-1  01.793E-7 02.133E-1 07.044E+0 -6.801E-1 02.660E-1
   M1 01.256E+0  02.214E-7 08.440E-2 09.417E+0 -3.180E-1 01.260E-1
   M2 08.442E-1  03.540E-7 07.034E-2 08.269E+0 -2.739E-1 01.227E-1
   M3 08.094E-1  08.478E-7 05.498E-2 08.023E+0 -1.597E-1 08.289E-2
   M4 07.171E-1  02.116E-6 04.073E-2 06.753E+0 -1.365E-1 08.562E-2
   M5 07.219E-1  03.252E-6 03.542E-2 06.744E+0 -6.998E-2 06.548E-2
61 K  -3.630E-1  01.031E-8 01.770E+0 05.942E+0 -5.941E+0 03.430E+0
   L1 05.728E-1  05.833E-8 08.684E-3 06.867E+0 -1.184E-1 -3.212E-1
   L2 06.001E-1  08.076E-8 05.507E-1 06.967E+0 -1.787E+0 01.140E+0
   L3 06.303E-1  01.712E-7 02.235E-1 07.038E+0 -7.144E-1 02.811E-1
   M1 01.246E+0  02.115E-7 08.663E-2 09.376E+0 -3.260E-1 01.267E-1
   M2 08.355E-1  03.378E-7 07.242E-2 08.217E+0 -2.817E-1 01.245E-1
   M3 08.007E-1  08.139E-7 05.581E-2 07.963E+0 -1.597E-1 08.154E-2
   M4 07.123E-1  02.002E-6 04.238E-2 06.721E+0 -1.430E-1 08.806E-2
   M5 07.173E-1  03.080E-6 03.711E-2 06.712E+0 -7.612E-2 06.843E-2
62 K  -3.864E-1  09.885E-9 01.846E+0 05.949E+0 -6.172E+0 03.578E+0
   L1 05.507E-1  05.575E-8 -6.618E-6 06.843E+0 -1.040E-1 -3.538E-1
   L2 05.705E-1  07.707E-8 05.611E-1 06.955E+0 -1.844E+0 01.159E+0
   L3 06.096E-1  01.636E-7 02.334E-1 07.035E+0 -7.504E-1 02.947E-1
   M1 01.236E+0  02.021E-7 08.823E-2 09.338E+0 -3.321E-1 01.250E-1
   M2 08.271E-1  03.226E-7 07.469E-2 08.167E+0 -2.897E-1 01.270E-1
   M3 07.909E-1  07.822E-7 05.699E-2 07.905E+0 -1.622E-1 08.162E-2
   M4 07.073E-1  01.899E-6 04.302E-2 06.684E+0 -1.399E-1 08.629E-2
   M5 07.147E-1  02.923E-6 03.666E-2 06.675E+0 -6.665E-2 06.268E-2
63 K  -4.121E-1  09.481E-9 01.925E+0 05.955E+0 -6.433E+0 03.764E+0
   L1 05.276E-1  05.332E-8 -6.070E-3 06.820E+0 -9.491E-2 -3.799E-1
   L2 05.470E-1  07.361E-8 06.029E-1 06.949E+0 -1.976E+0 01.257E+0
   L3 05.900E-1  01.565E-7 02.468E-1 07.026E+0 -7.913E-1 03.180E-1
   M1 01.228E+0  01.933E-7 09.106E-2 09.303E+0 -3.442E-1 01.275E-1
   M2 08.181E-1  03.083E-7 07.727E-2 08.118E+0 -2.992E-1 01.304E-1
   M3 07.819E-1  07.524E-7 05.816E-2 07.848E+0 -1.639E-1 08.151E-2
   M4 07.050E-1  01.804E-6 04.588E-2 06.655E+0 -1.556E-1 09.364E-2
   M5 07.106E-1  02.779E-6 03.899E-2 06.641E+0 -7.378E-2 06.809E-2
64 K  -4.328E-1  09.098E-9 01.960E+0 05.959E+0 -6.588E+0 03.839E+0
   L1 05.047E-1  05.102E-8 -1.390E-2 06.796E+0 -8.148E-2 -4.106E-1
   L2 05.246E-1  07.038E-8 06.405E-1 06.938E+0 -2.101E+0 01.348E+0
   L3 05.704E-1  01.499E-7 02.619E-1 07.022E+0 -8.411E-1 03.456E-1
   M1 01.217E+0  01.850E-7 09.399E-2 09.267E+0 -3.527E-1 01.299E-1
   M2 08.087E-1  02.948E-7 07.972E-2 08.072E+0 -3.080E-1 01.333E-1
   M3 07.724E-1  07.243E-7 05.879E-2 07.794E+0 -1.642E-1 07.939E-2
   M4 07.006E-1  01.715E-6 04.714E-2 06.622E+0 -1.589E-1 09.439E-2
   M5 07.054E-1  02.646E-6 04.005E-2 06.610E+0 -7.820E-2 06.848E-2
65 K  -4.530E-1  08.735E-9 02.044E+0 05.964E+0 -6.815E+0 03.976E+0
   L1 04.816E-1  04.885E-8 -2.200E-2 06.774E+0 -6.874E-2 -4.417E-1
   L2 05.007E-1  06.734E-8 06.868E-1 06.927E+0 -2.234E+0 01.452E+0
   L3 05.494E-1  01.436E-7 02.765E-1 07.015E+0 -8.877E-1 03.714E-1
   M1 01.207E+0  01.771E-7 09.685E-2 09.236E+0 -3.658E-1 01.325E-1
   M2 07.992E-1  02.821E-7 08.227E-2 08.028E+0 -3.184E-1 01.364E-1
   M3 07.626E-1  06.978E-7 06.020E-2 07.741E+0 -1.677E-1 08.018E-2
   M4 06.952E-1  01.634E-6 04.853E-2 06.589E+0 -1.625E-1 09.561E-2
   M5 07.000E-1  02.523E-6 04.001E-2 06.575E+0 -7.346E-2 06.458E-2
66 K  -4.796E-1  08.390E-9 02.124E+0 05.974E+0 -7.101E+0 04.188E+0
   L1 04.579E-1  04.680E-8 -3.050E-2 06.753E+0 -5.609E-2 -4.735E-1
   L2 04.744E-1  06.449E-8 07.309E-1 06.916E+0 -2.347E+0 01.539E+0
   L3 05.287E-1  01.378E-7 02.957E-1 07.010E+0 -9.475E-1 04.098E-1
   M1 01.198E+0  01.696E-7 09.966E-2 09.206E+0 -3.767E-1 01.344E-1
   M2 07.908E-1  02.700E-7 08.440E-2 07.985E+0 -3.253E-1 01.377E-1
   M3 07.543E-1  06.728E-7 06.110E-2 07.689E+0 -1.684E-1 07.902E-2
   M4 06.906E-1  01.559E-6 05.083E-2 06.557E+0 -1.715E-1 01.003E-1
   M5 06.944E-1  02.409E-6 04.222E-2 06.544E+0 -8.169E-2 06.932E-2
67 K  -4.991E-1  08.062E-9 02.210E+0 05.980E+0 -7.337E+0 04.330E+0
   L1 04.325E-1  04.485E-8 -3.760E-2 06.731E+0 -4.346E-2 -5.032E-1
   L2 04.715E-1  06.181E-8 08.231E-1 06.897E+0 -2.542E+0 01.735E+0
   L3 05.087E-1  01.323E-7 03.024E-1 07.000E+0 -9.712E-1 04.142E-1
   M1 01.187E+0  01.625E-7 01.023E-1 09.178E+0 -3.873E-1 01.356E-1
   M2 07.810E-1  02.586E-7 08.768E-2 07.945E+0 -3.384E-1 01.431E-1
   M3 07.441E-1  06.492E-7 06.192E-2 07.638E+0 -1.691E-1 07.760E-2
   M4 06.840E-1  01.489E-6 05.266E-2 06.526E+0 -1.785E-1 01.032E-1
   M5 06.899E-1  02.304E-6 04.281E-2 06.510E+0 -8.059E-2 06.785E-2
68 K  -5.200E-1  07.750E-9 02.241E+0 05.982E+0 -7.485E+0 04.399E+0
   L1 04.088E-1  04.300E-8 -4.260E-2 06.712E+0 -3.875E-2 -5.278E-1
   L2 04.241E-1  05.928E-8 08.186E-1 06.893E+0 -2.615E+0 01.742E+0
   L3 04.857E-1  01.271E-7 03.230E-1 06.995E+0 -1.037E+0 04.561E-1
   M1 01.177E+0  01.557E-7 01.049E-1 09.153E+0 -3.983E-1 01.362E-1
   M2 07.721E-1  02.478E-7 09.025E-2 07.905E+0 -3.474E-1 01.457E-1
   M3 07.339E-1  06.268E-7 06.246E-2 07.589E+0 -1.686E-1 07.495E-2
   M4 06.776E-1  01.423E-6 05.445E-2 06.494E+0 -1.842E-1 01.057E-1
   M5 06.839E-1  02.205E-6 04.398E-2 06.477E+0 -8.233E-2 06.850E-2
69 K  -5.418E-1  07.453E-9 02.331E+0 05.993E+0 -7.794E+0 04.632E+0
   L1 03.869E-1  04.125E-8 -4.810E-2 06.693E+0 -3.229E-2 -5.527E-1
   L2 03.981E-1  05.690E-8 08.634E-1 06.877E+0 -2.724E+0 01.826E+0
   L3 04.630E-1  01.222E-7 03.213E-1 06.985E+0 -1.042E+0 04.401E-1
   M1 01.169E+0  01.493E-7 01.084E-1 09.130E+0 -4.115E-1 01.395E-1
   M2 07.631E-1  02.376E-7 09.347E-2 07.868E+0 -3.595E-1 01.505E-1
   M3 07.246E-1  06.056E-7 06.298E-2 07.541E+0 -1.693E-1 07.273E-2
   M4 06.720E-1  01.363E-6 05.658E-2 06.463E+0 -1.922E-1 01.095E-1
   M5 06.786E-1  02.114E-6 04.492E-2 06.445E+0 -8.320E-2 06.832E-2
70 K  -5.605E-1  07.171E-9 02.425E+0 06.002E+0 -8.077E+0 04.827E+0
   L1 03.627E-1  03.959E-8 -5.320E-2 06.675E+0 -2.939E-2 -5.759E-1
   L2 03.834E-1  05.465E-8 09.440E-1 06.858E+0 -2.893E+0 01.989E+0
   L3 04.448E-1  01.176E-7 03.532E-1 06.981E+0 -1.132E+0 05.075E-1
   M1 01.159E+0  01.432E-7 01.126E-1 09.108E+0 -4.274E-1 01.453E-1
   M2 07.527E-1  02.279E-7 09.677E-2 07.832E+0 -3.724E-1 01.554E-1
   M3 07.145E-1  05.854E-7 06.321E-2 07.494E+0 -1.685E-1 06.928E-2
   M4 06.644E-1  01.306E-6 05.824E-2 06.432E+0 -1.980E-1 01.115E-1
   M5 06.716E-1  02.028E-6 04.521E-2 06.413E+0 -8.179E-2 06.587E-2
71 K  -5.787E-1  06.901E-9 02.456E+0 06.005E+0 -8.230E+0 04.900E+0
   L1 03.375E-1  03.801E-8 -6.460E-2 06.657E+0 -1.054E-2 -6.153E-1
   L2 03.444E-1  05.253E-8 09.457E-1 06.854E+0 -2.993E+0 02.021E+0
   L3 04.220E-1  01.133E-7 03.701E-1 06.974E+0 -1.185E+0 05.386E-1
   M1 01.149E+0  01.374E-7 01.156E-1 09.089E+0 -4.389E-1 01.466E-1
   M2 07.441E-1  02.186E-7 09.989E-2 07.798E+0 -3.836E-1 01.591E-1
   M3 07.046E-1  05.663E-7 06.429E-2 07.448E+0 -1.709E-1 06.881E-2
   M4 06.570E-1  01.253E-6 06.043E-2 06.401E+0 -2.052E-1 01.155E-1
   M5 06.652E-1  01.947E-6 04.654E-2 06.380E+0 -8.413E-2 06.712E-2
72 K  -5.959E-1  06.642E-9 02.538E+0 06.013E+0 -8.462E+0 05.028E+0
   L1 03.153E-1  03.644E-8 -6.530E-2 06.644E+0 -1.665E-2 -6.316E-1
   L2 03.176E-1  05.039E-8 01.008E+0 06.849E+0 -3.161E+0 02.158E+0
   L3 03.985E-1  01.088E-7 03.727E-1 06.973E+0 -1.203E+0 05.323E-1
   M1 01.142E+0  01.310E-7 01.189E-1 09.076E+0 -4.527E-1 01.482E-1
   M2 07.369E-1  02.083E-7 01.020E-1 07.764E+0 -3.909E-1 01.594E-1
   M3 06.976E-1  05.431E-7 06.429E-2 07.406E+0 -1.682E-1 06.392E-2
   M4 06.575E-1  01.180E-6 06.320E-2 06.400E+0 -2.155E-1 01.193E-1
   M5 06.653E-1  01.835E-6 04.790E-2 06.379E+0 -8.725E-2 06.668E-2
73 K  -6.124E-1  06.395E-9 02.637E+0 06.025E+0 -8.778E+0 05.260E+0
   L1 02.910E-1  03.495E-8 -7.330E-2 06.631E+0 -6.738E-3 -6.641E-1
   L2 02.885E-1  04.837E-8 01.067E+0 06.841E+0 -3.302E+0 02.271E+0
   L3 03.777E-1  01.046E-7 04.037E-1 06.979E+0 -1.297E+0 05.971E-1
   M1 01.134E+0  01.250E-7 01.233E-1 09.067E+0 -4.711E-1 01.526E-1
   M2 07.293E-1  01.985E-7 01.058E-1 07.735E+0 -4.043E-1 01.645E-1
   M3 06.923E-1  05.211E-7 06.414E-2 07.365E+0 -1.646E-1 05.820E-2
   M4 06.562E-1  01.114E-6 06.684E-2 06.398E+0 -2.289E-1 01.260E-1
   M5 06.649E-1  01.732E-6 04.935E-2 06.378E+0 -8.963E-2 06.604E-2
74 K  -6.293E-1  06.159E-9 02.736E+0 06.038E+0 -9.079E+0 05.466E+0
   L1 02.655E-1  03.353E-8 -8.070E-2 06.619E+0 02.301E-3 -6.961E-1
   L2 02.608E-1  04.646E-8 01.103E+0 06.835E+0 -3.437E+0 02.363E+0
   L3 03.559E-1  01.007E-7 04.313E-1 06.982E+0 -1.378E+0 06.540E-1
   M1 01.126E+0  01.192E-7 01.269E-1 09.059E+0 -4.839E-1 01.537E-1
   M2 07.222E-1  01.892E-7 01.089E-1 07.708E+0 -4.148E-1 01.669E-1
   M3 06.855E-1  05.002E-7 06.492E-2 07.327E+0 -1.644E-1 05.561E-2
   M4 06.540E-1  01.053E-6 06.734E-2 06.394E+0 -2.279E-1 01.215E-1
   M5 06.639E-1  01.637E-6 05.137E-2 06.376E+0 -9.466E-2 06.739E-2
75 K  -6.453E-1  05.933E-9 02.831E+0 06.044E+0 -9.361E+0 05.662E+0
   L1 02.408E-1  03.218E-8 -8.580E-2 06.609E+0 05.014E-3 -7.225E-1
   L2 02.332E-1  04.464E-8 01.180E+0 06.826E+0 -3.604E+0 02.508E+0
   L3 03.335E-1  09.688E-8 04.564E-1 06.985E+0 -1.454E+0 07.035E-1
   M1 01.119E+0  01.138E-7 01.311E-1 09.055E+0 -5.003E-1 01.568E-1
   M2 07.143E-1  01.804E-7 01.126E-1 07.683E+0 -4.279E-1 01.712E-1
   M3 06.783E-1  04.803E-7 06.564E-2 07.292E+0 -1.644E-1 05.271E-2
   M4 06.515E-1  09.973E-7 07.331E-2 06.393E+0 -2.530E-1 01.364E-1
   M5 06.604E-1  01.550E-6 05.260E-2 06.374E+0 -9.706E-2 06.622E-2
76 K  -6.567E-1  05.718E-9 02.862E+0 06.050E+0 -9.483E+0 05.671E+0
   L1 02.158E-1  03.089E-8 -8.920E-2 06.599E+0 02.962E-3 -7.449E-1
   L2 02.000E-1  04.292E-8 01.221E+0 06.825E+0 -3.775E+0 02.625E+0
   L3 03.084E-1  09.330E-8 04.722E-1 06.989E+0 -1.509E+0 07.296E-1
   M1 01.112E+0  01.086E-7 01.363E-1 09.054E+0 -5.207E-1 01.625E-1
   M2 07.057E-1  01.721E-7 01.167E-1 07.661E+0 -4.427E-1 01.765E-1
   M3 06.693E-1  04.614E-7 06.526E-2 07.258E+0 -1.606E-1 04.617E-2
   M4 06.464E-1  09.455E-7 07.754E-2 06.391E+0 -2.688E-1 01.448E-1
   M5 06.570E-1  01.470E-6 05.479E-2 06.372E+0 -1.024E-1 06.793E-2
77 K  -6.735E-1  05.511E-9 02.971E+0 06.065E+0 -9.834E+0 05.934E+0
   L1 01.912E-1  02.966E-8 -9.200E-2 06.591E+0 -4.971E-4 -7.663E-1
   L2 01.696E-1  04.128E-8 01.254E+0 06.814E+0 -3.862E+0 02.678E+0
   L3 02.853E-1  08.990E-8 04.986E-1 06.994E+0 -1.589E+0 07.819E-1
   M1 01.104E+0  01.036E-7 01.421E-1 09.057E+0 -5.450E-1 01.698E-1
   M2 06.973E-1  01.642E-7 01.188E-1 07.639E+0 -4.491E-1 01.750E-1
   M3 06.611E-1  04.435E-7 06.526E-2 07.225E+0 -1.575E-1 04.097E-2
   M4 06.433E-1  08.976E-7 08.124E-2 06.389E+0 -2.823E-1 01.511E-1
   M5 06.529E-1  01.395E-6 05.773E-2 06.370E+0 -1.113E-1 07.225E-2
78 K  -6.884E-1  05.315E-9 03.085E+0 06.078E+0 -1.016E+1 06.161E+0
   L1 01.663E-1  02.849E-8 -9.810E-2 06.583E+0 01.921E-3 -7.955E-1
   L2 01.430E-1  03.976E-8 01.310E+0 06.804E+0 -4.038E+0 02.817E+0
   L3 02.649E-1  08.676E-8 05.105E-1 06.989E+0 -1.626E+0 07.967E-1
   M1 01.095E+0  09.911E-8 01.481E-1 09.056E+0 -5.675E-1 01.776E-1
   M2 06.921E-1  01.570E-7 01.241E-1 07.616E+0 -4.684E-1 01.840E-1
   M3 06.535E-1  04.276E-7 06.480E-2 07.186E+0 -1.537E-1 03.466E-2
   M4 06.344E-1  08.534E-7 08.540E-2 06.390E+0 -3.015E-1 01.592E-1
   M5 06.470E-1  01.327E-6 05.822E-2 06.368E+0 -1.108E-1 06.828E-2
79 K  -6.761E-1  05.126E-9 03.132E+0 06.068E+0 -1.019E+1 06.048E+0
   L1 01.416E-1  02.737E-8 -9.610E-2 06.577E+0 -1.273E-2 -8.063E-1
   L2 01.124E-1  03.829E-8 01.368E+0 06.798E+0 -4.207E+0 02.946E+0
   L3 02.421E-1  08.369E-8 05.542E-1 06.998E+0 -1.755E+0 08.937E-1
   M1 01.085E+0  09.465E-8 01.530E-1 09.062E+0 -5.857E-1 01.810E-1
   M2 06.830E-1  01.499E-7 01.286E-1 07.599E+0 -4.845E-1 01.895E-1
   M3 06.452E-1  04.114E-7 06.466E-2 07.156E+0 -1.511E-1 02.887E-2
   M4 06.279E-1  08.121E-7 08.946E-2 06.387E+0 -3.160E-1 01.665E-1
   M5 06.403E-1  01.263E-6 06.045E-2 06.368E+0 -1.200E-1 07.030E-2
80 K  -7.141E-1  04.945E-9 03.227E+0 06.096E+0 -1.065E+1 06.451E+0
   L1 01.165E-1  02.628E-8 -1.020E-1 06.572E+0 -1.080E-2 -8.363E-1
   L2 08.068E-2  03.686E-8 01.407E+0 06.793E+0 -4.336E+0 03.030E+0
   L3 02.181E-1  08.069E-8 05.691E-1 07.003E+0 -1.804E+0 09.157E-1
   M1 01.076E+0  09.026E-8 01.592E-1 09.075E+0 -6.095E-1 01.879E-1
   M2 06.689E-1  01.429E-7 01.332E-1 07.589E+0 -5.009E-1 01.952E-1
   M3 06.381E-1  03.950E-7 06.495E-2 07.134E+0 -1.503E-1 02.413E-2
   M4 06.256E-1  07.734E-7 09.488E-2 06.382E+0 -3.334E-1 01.778E-1
   M5 06.381E-1  01.203E-6 06.438E-2 06.366E+0 -1.328E-1 07.765E-2
81 K  -7.242E-1  04.770E-9 03.342E+0 06.110E+0 -1.097E+1 06.657E+0
   L1 08.906E-2  02.524E-8 -9.750E-2 06.570E+0 -3.112E-2 -8.432E-1
   L2 04.530E-2  03.549E-8 01.468E+0 06.788E+0 -4.495E+0 03.151E+0
   L3 01.928E-1  07.782E-8 05.912E-1 07.010E+0 -1.875E+0 09.562E-1
   M1 01.065E+0  08.600E-8 01.649E-1 09.096E+0 -6.303E-1 01.921E-1
   M2 06.593E-1  01.362E-7 01.384E-1 07.583E+0 -5.205E-1 02.023E-1
   M3 06.261E-1  03.793E-7 06.372E-2 07.114E+0 -1.438E-1 01.438E-2
   M4 06.144E-1  07.373E-7 09.912E-2 06.380E+0 -3.508E-1 01.855E-1
   M5 06.319E-1  01.147E-6 06.579E-2 06.363E+0 -1.354E-1 07.647E-2
82 K  -7.366E-1  04.603E-9 03.467E+0 06.124E+0 -1.133E+1 06.912E+0
   L1 06.624E-2  02.424E-8 -9.830E-2 06.570E+0 -4.394E-2 -8.616E-1
   L2 01.664E-2  03.419E-8 01.531E+0 06.784E+0 -4.679E+0 03.292E+0
   L3 01.723E-1  07.509E-8 06.300E-1 07.023E+0 -1.993E+0 01.040E+0
   M1 01.057E+0  08.196E-8 01.716E-1 09.120E+0 -6.575E-1 01.994E-1
   M2 06.470E-1  01.299E-7 01.427E-1 07.577E+0 -5.356E-1 02.061E-1
   M3 06.180E-1  03.643E-7 06.320E-2 07.096E+0 -1.411E-1 06.934E-3
   M4 06.061E-1  07.036E-7 01.036E-1 06.375E+0 -3.642E-1 01.934E-1
   M5 06.209E-1  01.095E-6 06.709E-2 06.358E+0 -1.354E-1 07.455E-2
83 K  -7.484E-1  04.443E-9 03.513E+0 06.131E+0 -1.154E+1 07.025E+0
   L1 04.007E-2  02.328E-8 -9.990E-2 06.570E+0 -5.267E-2 -8.832E-1
   L2 -1.696E-2  03.295E-8 01.594E+0 06.778E+0 -4.857E+0 03.430E+0
   L3 01.481E-1  07.249E-8 06.483E-1 07.030E+0 -2.052E+0 01.070E+0
   M1 01.045E+0  07.811E-8 01.803E-1 09.148E+0 -6.913E-1 02.119E-1
   M2 06.366E-1  01.239E-7 01.469E-1 07.573E+0 -5.516E-1 02.091E-1
   M3 06.064E-1  03.501E-7 06.340E-2 07.078E+0 -1.412E-1 01.753E-3
   M4 06.010E-1  06.719E-7 01.110E-1 06.373E+0 -3.911E-1 02.105E-1
   M5 06.149E-1  01.046E-6 07.064E-2 06.355E+0 -1.460E-1 08.036E-2
84 K  -7.391E-1  04.289E-9 03.610E+0 06.125E+0 -1.165E+1 06.952E+0
   L1 01.347E-2  02.236E-8 -9.810E-2 06.572E+0 -6.982E-2 -8.974E-1
   L2 -4.877E-2  03.177E-8 01.623E+0 06.769E+0 -4.982E+0 03.510E+0
   L3 01.212E-1  07.001E-8 06.796E-1 07.041E+0 -2.142E+0 01.126E+0
   M1 01.033E+0  07.445E-8 01.873E-1 09.177E+0 -7.178E-1 02.188E-1
   M2 06.240E-1  01.182E-7 01.528E-1 07.570E+0 -5.741E-1 02.181E-1
   M3 05.986E-1  03.367E-7 06.240E-2 07.060E+0 -1.344E-1 -7.872E-3
   M4 05.943E-1  06.423E-7 01.171E-1 06.371E+0 -4.130E-1 02.233E-1
   M5 06.092E-1  09.997E-7 07.297E-2 06.352E+0 -1.534E-1 08.203E-2
85 K  -7.674E-1  04.142E-9 03.742E+0 06.157E+0 -1.218E+1 07.425E+0
   L1 -8.680E-3  02.148E-8 -9.470E-2 06.575E+0 -9.099E-2 -9.085E-1
   L2 -7.814E-2  03.064E-8 01.687E+0 06.764E+0 -5.170E+0 03.653E+0
   L3 09.728E-2  06.765E-8 07.092E-1 07.053E+0 -2.248E+0 01.195E+0
   M1 01.023E+0  07.098E-8 01.968E-1 09.209E+0 -7.525E-1 02.323E-1
   M2 06.129E-1  01.128E-7 01.579E-1 07.569E+0 -5.917E-1 02.226E-1
   M3 05.857E-1  03.239E-7 06.052E-2 07.043E+0 -1.272E-1 -1.928E-2
   M4 05.838E-1  06.145E-7 01.238E-1 06.369E+0 -4.373E-1 02.380E-1
   M5 06.001E-1  09.566E-7 07.514E-2 06.350E+0 -1.594E-1 08.300E-2
86 K  -7.723E-1  04.000E-9 03.881E+0 06.170E+0 -1.257E+1 07.694E+0
   L1 -3.688E-2  02.064E-8 -9.140E-2 06.580E+0 -1.129E-1 -9.200E-1
   L2 -1.114E-1  02.957E-8 01.750E+0 06.758E+0 -5.358E+0 03.796E+0
   L3 07.541E-2  06.540E-8 07.424E-1 07.065E+0 -2.348E+0 01.261E+0
   M1 01.011E+0  06.769E-8 02.061E-1 09.244E+0 -7.870E-1 02.445E-1
   M2 05.995E-1  01.077E-7 01.638E-1 07.569E+0 -6.129E-1 02.299E-1
   M3 05.761E-1  03.118E-7 05.827E-2 07.026E+0 -1.189E-1 -3.217E-2
   M4 05.778E-1  05.883E-7 01.283E-1 06.365E+0 -4.525E-1 02.452E-1
   M5 05.909E-1  09.161E-7 07.835E-2 06.348E+0 -1.697E-1 08.731E-2
87 K  -8.043E-1  03.864E-9 04.012E+0 06.181E+0 -1.293E+1 07.946E+0
   L1 -6.007E-2  01.982E-8 -9.070E-2 06.587E+0 -1.333E-1 -9.364E-1
   L2 -1.433E-1  02.852E-8 01.787E+0 06.751E+0 -5.483E+0 03.877E+0
   L3 05.222E-2  06.320E-8 07.742E-1 07.074E+0 -2.442E+0 01.324E+0
   M1 01.004E+0  06.448E-8 02.129E-1 09.287E+0 -8.179E-1 02.490E-1
   M2 06.183E-1  01.026E-7 01.724E-1 07.578E+0 -6.489E-1 02.470E-1
   M3 05.862E-1  02.996E-7 04.335E-2 07.017E+0 -8.899E-2 -7.689E-2
   M4 05.648E-1  05.637E-7 01.338E-1 06.360E+0 -4.701E-1 02.553E-1
   M5 05.813E-1  08.779E-7 07.851E-2 06.343E+0 -1.666E-1 08.136E-2
88 K  -8.220E-1  03.733E-9 04.186E+0 06.194E+0 -1.335E+1 08.229E+0
   L1 -8.711E-2  01.904E-8 -8.360E-2 06.594E+0 -1.637E-1 -9.412E-1
   L2 -1.768E-1  02.751E-8 01.844E+0 06.746E+0 -5.647E+0 03.994E+0
   L3 02.648E-2  06.106E-8 08.189E-1 07.090E+0 -2.572E+0 01.419E+0
   M1 09.894E-1  06.142E-8 02.261E-1 09.312E+0 -8.634E-1 02.711E-1
   M2 05.770E-1  09.775E-8 01.742E-1 07.555E+0 -6.498E-1 02.395E-1
   M3 05.549E-1  02.877E-7 05.290E-2 06.987E+0 -9.986E-2 -6.066E-2
   M4 05.641E-1  05.263E-7 01.434E-1 06.413E+0 -5.066E-1 02.738E-1
   M5 05.796E-1  08.249E-7 07.333E-2 06.366E+0 -1.357E-1 05.537E-2
89 K  -8.283E-1  03.607E-9 04.300E+0 06.209E+0 -1.370E+1 08.450E+0
   L1 -1.084E-1  01.829E-8 -7.980E-2 06.602E+0 -1.894E-1 -9.525E-1
   L2 -2.132E-1  02.656E-8 01.916E+0 06.740E+0 -5.870E+0 04.172E+0
   L3 04.731E-3  05.906E-8 08.354E-1 07.100E+0 -2.635E+0 01.447E+0
   M1 09.797E-1  05.853E-8 02.401E-1 09.344E+0 -9.155E-1 02.951E-1
   M2 05.653E-1  09.324E-8 01.795E-1 07.543E+0 -6.692E-1 02.445E-1
   M3 05.462E-1  02.768E-7 05.000E-2 06.955E+0 -9.051E-2 -7.470E-2
   M4 05.617E-1  04.961E-7 01.566E-1 06.453E+0 -5.563E-1 03.042E-1
   M5 05.812E-1  07.727E-7 09.027E-2 06.437E+0 -2.118E-1 09.907E-2
90 K  -8.568E-1  03.486E-9 04.450E+0 06.222E+0 -1.409E+1 08.706E+0
   L1 -1.370E-1  01.759E-8 -7.840E-2 06.611E+0 -2.087E-1 -9.707E-1
   L2 -2.438E-1  02.567E-8 01.970E+0 06.732E+0 -6.028E+0 04.282E+0
   L3 -2.130E-2  05.721E-8 08.696E-1 07.110E+0 -2.740E+0 01.517E+0
   M1 09.679E-1  05.589E-8 02.514E-1 09.383E+0 -9.585E-1 03.109E-1
   M2 05.519E-1  08.914E-8 01.848E-1 07.538E+0 -6.886E-1 02.494E-1
   M3 05.346E-1  02.672E-7 04.754E-2 06.932E+0 -8.255E-2 -8.765E-2
   M4 05.548E-1  04.736E-7 01.652E-1 06.465E+0 -5.865E-1 03.219E-1
   M5 05.747E-1  07.376E-7 09.382E-2 06.450E+0 -2.240E-1 01.026E-1
91 K  -8.635E-1  03.370E-9 04.479E+0 06.223E+0 -1.426E+1 08.771E+0
   L1 -1.580E-1  01.691E-8 -7.240E-2 06.622E+0 -2.414E-1 -9.783E-1
   L2 -2.765E-1  02.482E-8 02.000E+0 06.717E+0 -6.139E+0 04.349E+0
   L3 -4.290E-2  05.544E-8 09.104E-1 07.119E+0 -2.859E+0 01.602E+0
   M1 09.545E-1  05.338E-8 02.657E-1 09.426E+0 -1.010E+0 03.343E-1
   M2 05.368E-1  08.525E-8 01.868E-1 07.535E+0 -6.940E-1 02.415E-1
   M3 05.228E-1  02.582E-7 04.332E-2 06.908E+0 -6.943E-2 -1.055E-1
   M4 05.452E-1  04.528E-7 01.720E-1 06.473E+0 -6.068E-1 03.337E-1
   M5 05.665E-1  07.053E-7 09.676E-2 06.462E+0 -2.340E-1 01.042E-1
92 K  -8.670E-1  03.259E-9 04.594E+0 06.232E+0 -1.458E+1 08.968E+0
   L1 -1.862E-1  01.625E-8 -5.600E-2 06.637E+0 -2.993E-1 -9.618E-1
   L2 -3.127E-1  02.401E-8 02.070E+0 06.708E+0 -6.363E+0 04.526E+0
   L3 -6.611E-2  05.376E-8 09.387E-1 07.131E+0 -2.956E+0 01.660E+0
   M1 09.397E-1  05.099E-8 02.720E-1 09.471E+0 -1.033E+0 03.309E-1
   M2 05.230E-1  08.155E-8 01.976E-1 07.535E+0 -7.354E-1 02.645E-1
   M3 05.116E-1  02.496E-7 03.891E-2 06.885E+0 -5.558E-2 -1.238E-1
   M4 05.364E-1  04.335E-7 01.820E-1 06.483E+0 -6.413E-1 03.552E-1
   M5 05.599E-1  06.752E-7 01.015E-1 06.473E+0 -2.503E-1 01.112E-1
93 K  -8.564E-1  03.151E-9 04.792E+0 06.246E+0 -1.506E+1 09.282E+0
   L1 -2.091E-1  01.562E-8 -4.660E-2 06.652E+0 -3.417E-1 -9.622E-1
   L2 -3.456E-1  02.323E-8 02.131E+0 06.697E+0 -6.550E+0 04.667E+0
   L3 -9.043E-2  05.214E-8 09.744E-1 07.138E+0 -3.061E+0 01.732E+0
   M1 09.261E-1  04.871E-8 02.854E-1 09.520E+0 -1.082E+0 03.502E-1
   M2 05.084E-1  07.803E-8 02.031E-1 07.535E+0 -7.566E-1 02.691E-1
   M3 04.989E-1  02.415E-7 03.340E-2 06.863E+0 -3.902E-2 -1.451E-1
   M4 05.275E-1  04.155E-7 01.935E-1 06.492E+0 -6.793E-1 03.806E-1
   M5 05.510E-1  06.472E-7 01.030E-1 06.479E+0 -2.511E-1 01.078E-1
94 K  -8.727E-1  03.048E-9 04.913E+0 06.254E+0 -1.539E+1 09.479E+0
   L1 -2.363E-1  01.502E-8 -4.140E-2 06.669E+0 -3.750E-1 -9.734E-1
   L2 -3.742E-1  02.249E-8 02.195E+0 06.683E+0 -6.740E+0 04.813E+0
   L3 -1.133E-1  05.060E-8 09.929E-1 07.143E+0 -3.129E+0 01.766E+0
   M1 09.113E-1  04.654E-8 03.007E-1 09.573E+0 -1.124E+0 03.665E-1
   M2 04.928E-1  07.466E-8 02.131E-1 07.538E+0 -7.909E-1 02.859E-1
   M3 04.864E-1  02.337E-7 03.132E-2 06.842E+0 -3.341E-2 -1.564E-1
   M4 05.175E-1  03.986E-7 02.006E-1 06.499E+0 -7.032E-1 03.930E-1
   M5 05.420E-1  06.211E-7 01.050E-1 06.487E+0 -2.569E-1 01.063E-1
95 K  -8.553E-1  02.948E-9 05.078E+0 06.264E+0 -1.581E+1 09.738E+0
   L1 -2.612E-1  01.444E-8 -2.320E-2 06.689E+0 -4.387E-1 -9.563E-1
   L2 -4.066E-1  02.177E-8 02.219E+0 06.665E+0 -6.844E+0 04.872E+0
   L3 -1.379E-1  04.913E-8 01.037E+0 07.154E+0 -3.263E+0 01.863E+0
   M1 08.996E-1  04.446E-8 03.412E-1 09.638E+0 -1.274E+0 04.700E-1
   M2 04.784E-1  07.145E-8 02.212E-1 07.543E+0 -8.202E-1 02.970E-1
   M3 04.737E-1  02.263E-7 02.630E-2 06.820E+0 -1.914E-2 -1.760E-1
   M4 05.079E-1  03.828E-7 02.124E-1 06.507E+0 -7.435E-1 04.193E-1
   M5 05.336E-1  05.965E-7 01.105E-1 06.496E+0 -2.766E-1 01.157E-1
96 K  -8.427E-1  02.852E-9 05.085E+0 06.261E+0 -1.593E+1 09.770E+0
   L1 -2.850E-1  01.388E-8 -5.340E-3 06.712E+0 -5.024E-1 -9.409E-1
   L2 -4.479E-1  02.109E-8 02.360E+0 06.624E+0 -7.054E+0 05.104E+0
   L3 -1.608E-1  04.771E-8 01.077E+0 07.165E+0 -3.387E+0 01.947E+0
   M1 08.852E-1  04.247E-8 03.629E-1 09.700E+0 -1.348E+0 05.096E-1
   M2 04.622E-1  06.838E-8 02.296E-1 07.549E+0 -8.503E-1 03.083E-1
   M3 04.589E-1  02.193E-7 02.003E-2 06.799E+0 -7.623E-4 -1.992E-1
   M4 04.933E-1  03.679E-7 02.256E-1 06.516E+0 -7.881E-1 04.494E-1
   M5 05.248E-1  05.733E-7 01.131E-1 06.503E+0 -2.845E-1 01.157E-1
97 K  -8.665E-1  02.760E-9 05.232E+0 06.269E+0 -1.632E+1 01.000E+1
   L1 -3.080E-1  01.334E-8 01.332E-2 06.737E+0 -5.705E-1 -9.228E-1
   L2 -4.526E-1  02.043E-8 02.433E+0 06.626E+0 -7.299E+0 05.268E+0
   L3 -1.849E-1  04.635E-8 01.111E+0 07.173E+0 -3.489E+0 02.014E+0
   M1 08.695E-1  04.057E-8 03.883E-1 09.770E+0 -1.435E+0 05.578E-1
   M2 04.457E-1  06.544E-8 02.411E-1 07.558E+0 -8.900E-1 03.276E-1
   M3 04.463E-1  02.126E-7 01.332E-2 06.778E+0 01.807E-2 -2.234E-1
   M4 04.874E-1  03.538E-7 02.394E-1 06.525E+0 -8.345E-1 04.809E-1
   M5 05.146E-1  05.515E-7 01.159E-1 06.513E+0 -2.961E-1 01.167E-1
98 K  -9.117E-1  02.670E-9 05.424E+0 06.279E+0 -1.677E+1 01.028E+1
   L1 -3.324E-1  01.282E-8 03.601E-2 06.764E+0 -6.507E-1 -8.941E-1
   L2 -4.974E-1  01.979E-8 02.456E+0 06.598E+0 -7.379E+0 05.316E+0
   L3 -2.059E-1  04.505E-8 01.160E+0 07.185E+0 -3.633E+0 02.121E+0
   M1 08.539E-1  03.875E-8 04.163E-1 09.843E+0 -1.528E+0 06.113E-1
   M2 04.301E-1  06.262E-8 02.479E-1 07.568E+0 -9.159E-1 03.342E-1
   M3 04.325E-1  02.061E-7 09.653E-3 06.759E+0 02.632E-2 -2.388E-1
   M4 04.763E-1  03.405E-7 02.485E-1 06.530E+0 -8.639E-1 04.981E-1
   M5 05.045E-1  05.309E-7 01.205E-1 06.519E+0 -3.100E-1 01.228E-1
99 K  -9.054E-1  02.584E-9 05.609E+0 06.287E+0 -1.722E+1 01.055E+1
   L1 -3.557E-1  01.231E-8 03.262E-2 06.790E+0 -6.341E-1 -9.674E-1
   L2 -5.170E-1  01.918E-8 02.516E+0 06.589E+0 -7.585E+0 05.460E+0
   L3 -2.282E-1  04.380E-8 01.180E+0 07.192E+0 -3.711E+0 02.161E+0
   M1 08.381E-1  03.700E-8 04.394E-1 09.909E+0 -1.539E+0 06.150E-1
   M2 04.125E-1  05.991E-8 02.602E-1 07.582E+0 -9.589E-1 03.549E-1
   M3 04.190E-1  02.000E-7 04.987E-3 06.740E+0 04.000E-2 -2.577E-1
   M4 04.650E-1  03.280E-7 02.629E-1 06.537E+0 -9.096E-1 05.303E-1
   M5 04.951E-1  05.115E-7 01.252E-1 06.526E+0 -3.263E-1 01.291E-1