5.778073202267864916e-01
6.891987056931070388e-01
8.865831172202605082e-01
1.244912909375293086e+00
1.858680119232332340e+00
2.801698400761555519e+00
4.059840121177791694e+00
5.471379790254744080e+00
6.731353901672953555e+00
7.492580558270493185e+00
7.525670349430049200e+00
6.839083074885214053e+00
5.674218531432450696e+00
4.379157055170456836e+00
3.250007976052414094e+00
2.436421203550214187e+00
1.943408496958174858e+00
1.693341491789463360e+00
1.592145245311116675e+00
1.567581511090321511e+00
1.579480849608013271e+00
1.617793369212721544e+00
1.704104363217703311e+00
1.904854656560466264e+00
2.353867427941523260e+00
3.266365244013133662e+00
4.910013249290489767e+00
7.498626750110082284e+00
1.101480919742339992e+01
1.504566477935469493e+01
1.877251975222898039e+01
2.120861972655477246e+01
2.161511229203658502e+01
1.986130529687952517e+01
1.649167963428360295e+01
1.245327934344937049e+01
8.668105582354609595e+00
5.710728815784313461e+00
3.730923739707207698e+00
2.577846238736809070e+00
1.986848296958927840e+00
1.716586694499203425e+00
1.603586902713996842e+00
1.558581581927058091e+00
1.541333854933091496e+00
1.537027754890659681e+00
1.541317655458169789e+00
1.552829281601093125e+00
1.570169189352178529e+00
1.591251138551726507e+00
1.613540961453452161e+00
1.634309815957971201e+00
1.650651840624280497e+00
1.659887002503931175e+00
1.661262588029501552e+00
1.658881120470463433e+00
1.663975614394539004e+00
1.693627730180483404e+00
1.764217728861717127e+00
1.881220593352343151e+00
2.030555093998034355e+00
2.177832920466471922e+00
2.278686555412235748e+00
2.296785348377619940e+00
2.220342266628791528e+00
2.067675474401033497e+00
1.878735892756489889e+00
1.697955463800915776e+00
1.558007267498795034e+00
1.471661528447795853e+00
1.432955804883864648e+00
1.424272817646987654e+00
1.424881682890814405e+00
1.417881424638153254e+00
1.394175281971648861e+00
1.353199592100708060e+00
1.300900682375223383e+00
1.246160189761432280e+00
1.197236592363183139e+00
1.159465129848279652e+00
1.134588445703828663e+00
1.121275365303737503e+00
1.116123129956450910e+00
1.114706987526931758e+00
1.112605452596903799e+00
1.106406555634621647e+00
1.094502820114216624e+00
1.077336969501799357e+00
1.056924106681315312e+00
1.035863385892225708e+00
1.016334970126971493e+00
9.995253315495773450e-01
9.856085321128313925e-01
9.740991762474726645e-01
9.642829275693139968e-01
9.555194798894035557e-01
9.473678320463599922e-01
9.395874858047196243e-01
9.320912495627743377e-01
9.248974478299254454e-01
9.180924420183673718e-01
9.117912337828548708e-01
9.060809503026074907e-01
9.009476656169594921e-01
8.962126095957133609e-01
8.915212646718471134e-01
8.864177689335742683e-01
8.804931023611541896e-01
8.735433188925310066e-01
8.656544786679498671e-01
8.571665680417925870e-01
8.485397092199686853e-01
8.402047439047830579e-01
8.324950401507937858e-01
8.257414600386626669e-01
8.206146744985136632e-01
8.188478303118075230e-01
8.245239598422011706e-01
8.460188484561934619e-01
8.982415112657847756e-01
1.003918236140836528e+00
1.191660163813546003e+00
1.488410768137000240e+00
1.905807985975924046e+00
2.424268583373109909e+00
2.983194700262349564e+00
3.486629162471629240e+00
3.827881726835122400e+00
3.925718472293875827e+00
3.755563034835681435e+00
3.359343027215629274e+00
2.828540588463062111e+00
2.269708228846194942e+00
1.770112003972882597e+00
1.378280244709796154e+00
1.103642966819809779e+00
9.292836654993715806e-01
8.279255796508320220e-01
7.737536146426561290e-01
7.477462858382400990e-01
7.380991853655443080e-01
7.386379885102896115e-01
7.474833838507088934e-01
7.668938325359874186e-01
8.039983084145174708e-01
8.712922833218497143e-01
9.853574971385818948e-01
1.162475575278203888e+00
1.410963916313326516e+00
1.722188519705650567e+00
2.064458180484605609e+00
2.384668291627220604e+00
2.620133140681694339e+00
2.717864481759534989e+00
2.653462566833585168e+00
2.440529315094122076e+00
2.125711672578100675e+00
1.771851438372241017e+00
1.437520137799524811e+00
1.161912006772818806e+00
9.598900384295044885e-01
8.262837583576519984e-01
7.448659010693758908e-01
6.971157245538427416e-01
6.678696198781649551e-01
6.473648242434638655e-01
6.307093674423857044e-01
6.162145126569380515e-01
6.037017991369387770e-01
5.933418462937427584e-01
5.851148999325774813e-01
5.787218153416628930e-01
5.737074098783394582e-01
5.696135909476116588e-01
5.660747609957530457e-01
5.628442943509094354e-01
5.597771918272421710e-01
5.567978254544138084e-01
5.538707591502479710e-01
5.509808842891221747e-01
5.481222094417633750e-01
5.452924066602820030e-01
5.424904773936417568e-01
5.397158629656404472e-01
5.369681402721702135e-01
5.342469277698469465e-01
5.315518590879215743e-01
5.288825762206652570e-01
5.262387278489375486e-01
5.236199688826599363e-01
5.210259602696548642e-01
5.184563688592431774e-01
5.159108672781479443e-01
5.133891338107288149e-01
5.108908522822380727e-01
5.084157119448126094e-01
5.059634073660645992e-01
5.035336383203176114e-01
5.011261096822672290e-01
4.987405313231632054e-01
4.963766180093367453e-01
4.940340893030751301e-01
4.917126694657819597e-01
4.894120873633098223e-01
4.871320763735150217e-01
4.848723742958953586e-01
4.826327232632762754e-01
4.804128696555389766e-01
4.782125640152664614e-01
4.760315609653293922e-01
4.738696191283552350e-01
4.717265010479442799e-01
4.696019731117506701e-01
4.674958054762388682e-01
4.654077719931267176e-01
4.633376501374921186e-01
4.612852209375128409e-01
4.592502689057139098e-01
4.572325819717758533e-01
4.552319514168605141e-01
4.532481718093474554e-01
4.512810409420037749e-01
4.493303597705438635e-01
4.473959323535677268e-01
4.454775657937726230e-01
4.435750701804435647e-01
4.416882585332742583e-01
4.398169467473500016e-01
4.379609535393151898e-01
4.361201003947597910e-01
4.342942115167162109e-01
4.324831137752606081e-01
4.306866366582022820e-01
4.289046122228462044e-01
4.271368750487937738e-01
4.253832621916893708e-01
4.236436131380602044e-01
4.219177697609935995e-01
4.202055762768712177e-01
4.185068792029173479e-01
4.168215273157158118e-01
4.151493716105397747e-01
4.134902652616053720e-01
4.118440635830680208e-01
4.102106239909324437e-01
4.085898059656508097e-01
4.069814710155884030e-01
4.053854826411723566e-01
4.038017062998411899e-01
4.022300093717000036e-01
4.006702611258130542e-01
3.991223326873019617e-01
3.975860970050307808e-01
3.960614288199584831e-01
3.945482046341919902e-01
3.930463026805892102e-01
3.915556028930312071e-01
3.900759868772679106e-01
3.886073378823379221e-01
3.871495407726194271e-01
3.857024820003498444e-01
3.842660495787605379e-01
3.828401330557653637e-01
3.814246234880674380e-01
3.800194134158664250e-01
3.786243968380533231e-01
3.772394691878871997e-01
3.758645273090917005e-01
3.744994694325346485e-01
3.731441951532173396e-01
3.717986054078744607e-01
3.704626024528653305e-01
3.691360898425598558e-01
3.678189724081424861e-01
3.665111562368164044e-01
3.652125486513960739e-01
3.639230581903011297e-01
3.626425945879026003e-01
3.613710687553302603e-01
3.601083927615175151e-01
3.588544798147011439e-01
3.576092442442323494e-01
3.563726014827466870e-01
3.551444680486247063e-01
3.539247615288765303e-01
3.527134005622337698e-01
3.515103048225894922e-01
3.503153950028344843e-01
3.491285927988370674e-01
3.479498208938852644e-01
3.467790029432561427e-01
3.456160635591895569e-01
3.444609282960802710e-01
3.433135236359578513e-01
3.421737769742030366e-01
3.410416166055904585e-01
3.399169717104727484e-01
3.387997723413575524e-01
3.376899494096021748e-01
3.365874346724049837e-01
3.354921607200084810e-01
3.344040609631824257e-01
3.333230696208354105e-01
3.322491217079582282e-01
3.311821530236824795e-01
3.301221001396129617e-01
3.290689003883460195e-01
3.280224918521539301e-01
3.269828133519534497e-01
3.259498044364211311e-01
3.249234053712268255e-01
3.239035571285800996e-01
3.228902013769097690e-01
3.218832804706707740e-01
3.208827374405029964e-01
3.198885159837804859e-01
3.189005604572986985e-01
3.179188158791473873e-01
3.169432279747118053e-01
3.159737434185652671e-01
3.150103109023956183e-01
3.140528854795340274e-01
3.131014451301930568e-01
3.121560501428942147e-01
3.112170432270393028e-01
3.102856829819224393e-01
3.093660253635522883e-01
3.084701591214177308e-01
3.076318297561119186e-01
3.069395181715343091e-01
3.066111530234166827e-01
3.071504648416657490e-01
3.096484935187455156e-01
3.163150147490521591e-01
3.313238426278048987e-01
3.619995460208580984e-01
4.202222112982082480e-01
5.236628934323681595e-01
6.961283608409845058e-01
9.660318677445136615e-01
1.362052753137541927e+00
1.905642068378454734e+00
2.601246055589365280e+00
3.426676207233314564e+00
4.327281045028238182e+00
5.217622541382203494e+00
5.992674094609228952e+00
6.547361593972884641e+00
6.799719023439281251e+00
6.710691346482758668e+00
6.294003285603194442e+00
5.612662110997756137e+00
4.763320672426512026e+00
3.853841584496667139e+00
2.981212080476569604e+00
2.215895718650856328e+00
1.595588155798169483e+00
1.127783071670056536e+00
7.980432339899192762e-01
5.801035918847998740e-01
4.446853867661347270e-01
3.654002041608351847e-01
3.215667652895777828e-01
2.986716456206075510e-01
2.874968391077128427e-01
2.827941669811614434e-01
2.820618384099238263e-01
2.846616877485820818e-01
2.912917497980960224e-01
3.037030551915008703e-01
3.244941905295648521e-01
3.568089857892808858e-01
4.037973101706245904e-01
4.677841056792709784e-01
5.492275116020728376e-01
6.457056517614985225e-01
7.512924626871708700e-01
8.566902747383309258e-01
9.503308499094780259e-01
1.020355287364301589e+00
1.057037399528368393e+00
1.054975604764000652e+00
1.014373480639974456e+00
9.409907591767003865e-01
8.447810096186592066e-01
7.376599039293354476e-01
6.310925903368651557e-01
5.341648879453322341e-01
4.525510730804329085e-01
3.884435419256553335e-01
3.412157855531908202e-01
3.084450449054705889e-01
2.869364137251401714e-01
2.735116579010949955e-01
2.654761553221750003e-01
2.607952851370602954e-01
2.580715395011298763e-01
2.564211671918863455e-01
2.553257378497675312e-01
2.545016873336110041e-01
2.538038728437018721e-01
2.531625818280561213e-01
2.525463262587174795e-01
2.519417048538851733e-01
2.513433314349619030e-01
2.507491540296897803e-01
2.501584250650462082e-01
2.495708776303049437e-01
2.489864119018381783e-01
2.484049829632368755e-01
2.478265630339805681e-01
2.472511294843977858e-01
2.466786612474084484e-01
2.461091378030650645e-01
2.455425389060633679e-01
2.449788445152196736e-01
2.444180347750669335e-01
2.438600900101460522e-01
2.433049907219286823e-01
2.427527175867952580e-01
2.422032514538355885e-01
2.416565733427912532e-01
2.411126644421833776e-01
2.405715061071957706e-01
2.400330798577385572e-01
2.394973673765877775e-01
2.389643505072844842e-01
2.384340112524326594e-01
2.379063317716306192e-01
2.373812943797514174e-01
2.368588815449518825e-01
2.363390758869030328e-01
2.358218601749758059e-01
2.353072173263626998e-01
2.347951304044069709e-01
2.342855826167093980e-01
2.337785573133581707e-01
2.332740379853484869e-01
2.327720082625701348e-01
2.322724519123450515e-01
2.317753528375527394e-01
2.312806950749552448e-01
2.307884627936047095e-01
2.302986402929908805e-01
2.298112120015836368e-01
2.293261624749156902e-01
2.288434763942165107e-01
2.283631385646019973e-01
2.278851339134239373e-01
2.274094474887923267e-01
2.269360644578366781e-01
2.264649701051835440e-01
2.259961498312978712e-01
2.255295891509189743e-01
2.250652736915999541e-01
2.246031891919059997e-01
2.241433215000707690e-01
2.236856565722962764e-01
2.232301804713300308e-01
2.227768793648107482e-01
2.223257395237919209e-01
2.218767473212212571e-01
2.214298892304394362e-01
2.209851518236192747e-01
2.205425217702751961e-01
2.201019858359057613e-01
2.196635308805753584e-01
2.192271438580795095e-01
2.187928118168860070e-01
2.183605219063315672e-01
2.179302614010030781e-01
2.175020177792287568e-01
2.170757789613776967e-01
2.166515339935718987e-01
2.162292749201536746e-01
2.158090016755082330e-01
2.153907342810084113e-01
2.149745418375581529e-01
2.145606081615985261e-01
2.141493730997966194e-01
2.137418213577856052e-01
2.133400416119538845e-01
2.129482485068573960e-01
2.125745394341488625e-01
2.122337180891067099e-01
2.119515012521938080e-01
2.117702486680670404e-01
2.117559207984789915e-01
2.120052106059869268e-01
2.126507537461980735e-01
2.138612234508034948e-01
2.158324183219098857e-01
2.187657808348722754e-01
2.228327331417723212e-01
2.281269996147009260e-01
2.346121831973538296e-01
2.420768545440544484e-01
2.501122121433541623e-01
2.581259364221526464e-01
2.653991997660913316e-01
2.711828207366221433e-01
2.748162587319379901e-01
2.758437990521678262e-01
2.740997826427152284e-01
2.697408598224380061e-01
2.632165909983503749e-01
2.551860232981377763e-01
2.464016637275313892e-01
2.375890709270923329e-01
2.293483791185976228e-01
2.220949717526556899e-01
2.160440817871819574e-01
2.112327035924306540e-01
2.075650785510239071e-01
2.048662739233349517e-01
2.029311071753058526e-01
2.015607995731183433e-01
2.005850839274298802e-01
1.998715210188734548e-01
1.993259279622550395e-01
1.988883128348699625e-01
1.985281770319953787e-01
1.982421517288739665e-01
1.980561163041283379e-01
1.980333260205421886e-01
1.982894811334337815e-01
1.990147285707835334e-01
2.005008768207346692e-01
2.031693502556088382e-01
2.075917368629328630e-01
2.144909657090346145e-01
2.247087182295313124e-01
2.391257205955062415e-01
2.585280855105572817e-01
2.834257301050756572e-01
3.138466647421752076e-01
3.491492725806111252e-01
3.879068179876490330e-01
4.279171536470529613e-01
4.663714469908998295e-01
5.001799375123247016e-01
5.264085505637884355e-01
5.427413822704992841e-01
5.478652799817854691e-01
5.416835017371911531e-01
5.253053640360004772e-01
5.008165265388322407e-01
4.708914480081093368e-01
4.383466964240799180e-01
4.057395767483910065e-01
3.750910349264277577e-01
3.477662813985697432e-01
3.244984178265823971e-01
3.055058178841396632e-01
2.906422581333307220e-01
2.795293872502015997e-01
2.716456929417917499e-01
2.663728343929755438e-01
2.630187705037003165e-01
2.608423312809508010e-01
2.590965918006609137e-01
2.570940273322843694e-01
2.542820754349335854e-01
2.503092935954709386e-01
2.450624800156011585e-01
2.386629765508380685e-01
2.314222398185092344e-01
2.237680331054480165e-01
2.161594954545638936e-01
2.090101826784367123e-01
2.026335625482935388e-01
1.972176875663842477e-01
1.928277395735199795e-01
1.894291933206523615e-01
1.869216455998385096e-01
1.851737985745065818e-01
1.840526863090252430e-01
1.834437116182154048e-01
1.832613394996719935e-01
1.834527487348649177e-01
1.839981809833008686e-01
1.849121935513807491e-01
1.862495891785711788e-01
1.881184397466806602e-01
1.907002576742782562e-01
1.942740329159122481e-01
1.992369335792570362e-01
2.061108839313776364e-01
2.155224188730988366e-01
2.281448091234077047e-01
2.445976982227684449e-01
2.653104666043664128e-01
2.903695028185692140e-01
3.193828178703729259e-01
3.514029786186271265e-01
3.849463642359408078e-01
4.181307108993829180e-01
4.489252880214107400e-01
4.754750297595352615e-01
4.964312936363803885e-01
5.112080853483350618e-01
5.200908872741041300e-01
5.241565198758650901e-01
5.250098424145964726e-01
5.243933783730554410e-01
5.237636989620151340e-01
5.239411389632758764e-01
5.249221010377752572e-01
5.259002235320663354e-01
5.254866557050168474e-01
5.220673448367045832e-01
5.142019603231561264e-01
5.009638823705430122e-01
4.821435255273214815e-01
4.582794778556523729e-01
4.305295398707892351e-01
4.004323905225257163e-01
3.696302478628414878e-01
3.396205897004518359e-01
3.115849710075463408e-01
2.863141730699466647e-01
2.642213261841900307e-01
2.454158212847993847e-01
2.298039321817953451e-01
2.171858531097772826e-01
2.073291632987578625e-01
2.000106766897704891e-01
1.950284431008464936e-01
1.921915699426733348e-01
1.912976568884715289e-01
1.921072049087152178e-01
1.943227540507626583e-01
1.975785955831620144e-01
2.014448949432853520e-01
2.054477355203128686e-01
2.091037563100212326e-01
2.119648950066967685e-01
2.136659133990653214e-01
2.139657743888744301e-01
2.127743083756182263e-01
2.101581635108136781e-01
2.063242746514028503e-01
2.015839037116144150e-01
1.963043613160493639e-01
1.908577130200783956e-01
1.855756063848300053e-01
1.807170699576794159e-01
1.764525698212383309e-01
1.728638616725065302e-01
1.699562231027459680e-01
1.676780682261193312e-01
1.659428161018584869e-01
1.646488774885162543e-01
1.636952011516311090e-01
1.629914416435916669e-01
1.624630888334470669e-01
1.620526618798290019e-01
1.617183320187979001e-01
1.614312319911428151e-01
1.611724053855191907e-01
1.609299948703731553e-01
1.606969611922092200e-01
1.604694079767408910e-01
1.602454631803177931e-01
1.600246163362372964e-01
1.598074041224756825e-01
1.595953502724822282e-01
1.593910811231547819e-01
1.591985442679161311e-01
1.590232508090452246e-01
1.588724436917347271e-01
1.587550732957702659e-01
1.586814493849976193e-01
1.586624508659180144e-01
1.587082253726636860e-01
1.588264060548797152e-01
1.590200063706140865e-01
1.592853013155408060e-01
1.596101257389535011e-01
1.599730701804820410e-01
1.603439922295903375e-01
1.606860712020282689e-01
1.609593375391275560e-01
1.611252666900706010e-01
1.611517283828162728e-01
1.610174162990916646e-01
1.607149124803608498e-01
1.602517753801227796e-01
1.596494302167643653e-01
1.589400873441716988e-01
1.581623029684642578e-01
1.573560292275941186e-01
1.565580278587262453e-01
1.557983540806762157e-01
1.550983175680248904e-01
1.544699857918172825e-01
1.539169994315400525e-01
1.534362805928601581e-01
1.530201533728514085e-01
1.526584470190252008e-01
1.523402745660325797e-01
1.520553273381075043e-01
1.517946584953503431e-01
1.515510229871722125e-01
1.513188899439587565e-01
1.510942527702590077e-01
1.508743449398089465e-01
1.506573396914114571e-01
1.504420806510025077e-01
1.502278646211106516e-01
1.500142800330971915e-01
1.498010945640720626e-01
1.495881813783957459e-01
1.493754731990791229e-01
1.491629350634873230e-01
1.489505488836937175e-01
1.487383050685486263e-01
1.485261981621880667e-01
1.483142246638116113e-01
1.481023819789382412e-01
1.478906679338972130e-01
1.476790805594929978e-01
1.474676179974226675e-01
1.472562784617788278e-01
1.470450602230796711e-01
1.468339616031227868e-01
1.466229809734601597e-01
1.464121167584120919e-01
1.462013674445999112e-01
1.459907316029886992e-01
1.457802079425636055e-01
1.455697954283743378e-01
1.453594935382963305e-01
1.451493028004623986e-01
1.449392258846328996e-01
1.447292697513927195e-01
1.445194497501057496e-01
1.443097971920684619e-01
1.441003729056391236e-01
1.438912907314378042e-01
1.436827569409855898e-01
1.434751342188198830e-01
1.432690420612238724e-01
1.430655089233155985e-01
1.428661945571813308e-01
1.426737026440503542e-01
1.424920024012261144e-01
1.423269711574038365e-01
1.421870553960545569e-01
1.420840229499887586e-01
1.420337422736976107e-01
1.420568764937510942e-01
1.421793244321154226e-01
1.424321875631798795e-01
1.428510068165450564e-01
1.434740180449611824e-01
1.443392442350375227e-01
1.454803966550475836e-01
1.469218031567473270e-01
1.486729026461166281e-01
1.507231908399576659e-01
1.530387910365748338e-01
1.555619491469387994e-01
1.582146097176072574e-01
1.609067483379343633e-01
1.635493142974137615e-01
1.660705689713563304e-01
1.684334815156978971e-01
1.706509275406238868e-01
1.727950099269948137e-01
1.749971112627822234e-01
1.774363961082773278e-01
1.803163328634012075e-01
1.838311324782968548e-01
1.881263777804045856e-01
1.932600309848122866e-01
1.991709672913107576e-01
2.056618364823901979e-01
2.124012894802595197e-01
2.189476120703384432e-01
2.247920734794844055e-01
2.294165389224897267e-01
2.323569106215637170e-01
2.332624464406780618e-01
2.319413700213597551e-01
2.283854319790842580e-01
2.227697732029508826e-01
2.154287988422931011e-01
2.068128607061270330e-01
1.974335136671553359e-01
1.878064000944465184e-01
1.784002884538342659e-01
1.695987376397292135e-01
1.616778825986333323e-01
1.548006751717962981e-01
1.490252352034633909e-01
1.443232198037860681e-01
1.406034630931517204e-01
1.377364641465871342e-01
1.355763105217294151e-01
1.339779492397782379e-01
1.328090182719491863e-01
1.319564917519456537e-01
1.313290588069932485e-01
1.308564485694734825e-01
1.304869078059705534e-01
1.301838411989560962e-01
1.299223439543189529e-01
1.296860741516228099e-01
1.294646778880833571e-01
1.292518138881615930e-01
1.290437245155424961e-01
1.288382538429605484e-01
1.286342035295560404e-01
1.284309280364723527e-01
1.282280902915279019e-01
1.280255197437268622e-01
1.278231328712194914e-01
1.276208902158530722e-01
1.274187739438312206e-01
1.272167765144958107e-01
1.270148951424231454e-01
1.268131291762477075e-01
1.266114788972208249e-01
1.264099449851402157e-01
1.262085282881628412e-01
1.260072297262983809e-01
1.258060502533469849e-01
1.256049908424493045e-01
1.254040524840407400e-01
1.252032361924388937e-01
1.250025430263108916e-01
1.248019741351355100e-01
1.246015308615991274e-01
1.244012149588418770e-01
1.242010290359554930e-01
1.240009774483179644e-01
1.238010680234120642e-01
1.236013153060190189e-01
1.234017464794187197e-01
1.232024118318109235e-01
1.230034026677107872e-01
1.228048809473972075e-01
1.226071266422761458e-01
1.224106106554486428e-01
1.222161027844608505e-01
1.220248249240930699e-01
1.218386585316799664e-01
1.216604110474050343e-01
1.214941371916292978e-01
1.213454969183233312e-01
1.212221123235059372e-01
1.211338626680025232e-01
1.210930337852401534e-01
1.211142218169088403e-01
1.212138896011172723e-01
1.214094955392925335e-01
1.217181655127493323e-01
1.221549590714495065e-01
1.227308839283781927e-01
1.234509201576470955e-01
1.243124010127576035e-01
1.253041303891715141e-01
1.264065706408529777e-01
1.275932948694271374e-01
1.288336728705791745e-01
1.300964840109397613e-01
1.313538817124414171e-01
1.325849446495040163e-01
1.337780066647737132e-01
1.349311034032219525e-01
1.360502087618228884e-01
1.371454072051402073e-01
1.382256611788899026e-01
1.392932616172427307e-01
1.403392725188876977e-01
1.413412133410665295e-01
1.422638457248580346e-01
1.430633013686775645e-01
1.436940333596679886e-01
1.441173648012104014e-01
1.443099195158314973e-01
1.442700821397985833e-01
1.440209046302053375e-01
1.436085149390177451e-01
1.430959655408737263e-01
1.425533988714218492e-01
1.420462004645994258e-01
1.416232849113942815e-01
1.413077095366249702e-01
1.410914222369311910e-01
1.409352026998970664e-01
1.407739037682396166e-01
1.405261349462655907e-01
1.401067433254133687e-01
1.394399864131110611e-01
1.384712328139147963e-01
1.371753625164247870e-01
1.355606826553625299e-01
1.336679854003743062e-01
1.315651881899578823e-01
1.293386626032373976e-01
1.270827702602048692e-01
1.248892371652205180e-01
1.228378302859270549e-01
1.209894214506442578e-01
1.193820323206243872e-01
1.180299524489067525e-01
1.169255946032696225e-01
1.160434508028623801e-01
1.153453576989878493e-01
1.147862606088415199e-01
1.143197523866462673e-01
1.139028194499093760e-01
1.134994170935891694e-01
1.130826907631959921e-01
1.126358381950404858e-01
1.121517553285000940e-01
1.116317179061472181e-01
1.110834159507308599e-01
1.105186787417873351e-01
1.099512063856523947e-01
1.093945678025528695e-01
1.088606450527999647e-01
1.083586140538908144e-01
1.078944658221033248e-01
1.074710022301851586e-01
1.070881935767710458e-01
1.067437646233224818e-01
1.064338789136039243e-01
1.061538122712454707e-01
1.058985377121969829e-01
1.056631779872751753e-01
1.054433124757404860e-01
1.052351483417466871e-01
1.050355802896239393e-01
1.048421694393086301e-01
1.046530715429218050e-01
1.044669402944638642e-01
1.042828250311829547e-01
1.041000754375750043e-01
1.039182600569038828e-01
1.037371010226193213e-01
1.035564245279553819e-01
1.033761249596643617e-01
1.031961399926314693e-01
1.030164339505299786e-01
1.028369870811120246e-01
1.026577888760100282e-01
1.024788340418533311e-01
1.023001201458576259e-01
1.021216462808236664e-01
1.019434123300111544e-01
1.017654185737047745e-01
1.015876654850356997e-01
1.014101536259705005e-01
1.012328835966138790e-01
1.010558560106033926e-01
1.008790714837546482e-01
1.007025306290391664e-01
1.005262340540051536e-01
1.003501823597266890e-01
1.001743761408884631e-01
9.999881598510756975e-02
9.982350247280417921e-02
9.964843617778849916e-02
9.947361766662575489e-02
9.929904749890602900e-02
9.912472622740385597e-02
9.895065439755851289e-02
9.877683254808382329e-02
9.860326121078608064e-02
9.842994091015175306e-02
9.825687216395541379e-02
9.808405548295871801e-02
9.791149137094806720e-02
9.773918032488557173e-02
9.756712283471591363e-02
9.739531938328535587e-02
9.722377044694688331e-02
9.705247649478973559e-02
9.688143798912712823e-02
9.671065538552534036e-02
9.654012913271640961e-02
9.636985967227754135e-02
9.619984743934732740e-02
9.603009286207225825e-02
9.586059636185934041e-02
9.569135835328054784e-02
9.552237924420761694e-02
9.535365943571395830e-02
9.518519932243976744e-02
9.501699929190922378e-02
9.484905972524199091e-02
9.468138099669970442e-02
9.451396347428078770e-02
9.434680751891215411e-02
9.417991348527590678e-02
9.401328172123113447e-02
9.384691256828829597e-02
9.368080636126158156e-02
9.351496342862455902e-02
9.334938409227619416e-02
9.318406866754136431e-02
9.301901746364155121e-02
9.285423078298425670e-02
9.268970892198656608e-02
9.252545217036045599e-02
9.236146081169839539e-02
9.219773512322906872e-02
9.203427537592706598e-02
9.187108183438362496e-02
9.170815475715220211e-02
9.154549439649770082e-02
9.138310099850124879e-02
9.122097480292515326e-02
9.105911604391389580e-02
9.089752494889909162e-02
9.073620173953741985e-02
9.057514663169161095e-02
9.041435983480765326e-02
9.025384155261230446e-02
9.009359198272802460e-02
8.993361131688772103e-02
8.977389974114945159e-02
8.961445743538488939e-02
8.945528457385391874e-02
8.929638132493174230e-02
8.913774785119786548e-02
8.897938430964529022e-02
8.882129085140298697e-02
8.866346762194279862e-02
8.850591476104203992e-02
8.834863240311063848e-02
8.819162067678618100e-02
8.803487970501375215e-02
8.787840960537031398e-02
8.772221049014444771e-02
8.756628246580142050e-02
8.741062563354942694e-02
8.725524008929295972e-02
8.710012592321531022e-02
8.694528322071269633e-02
8.679071206148228357e-02
8.663641252008520699e-02
8.648238466576999017e-02
8.632862856266482199e-02
8.617514426972178176e-02
8.602193184065962117e-02
8.586899132427711079e-02
8.571632276414557772e-02
8.556392619879608918e-02
8.541180166178174993e-02
8.525994918173912529e-02
8.510836878244863735e-02
8.495706048239463903e-02
8.480602429557154709e-02
8.465526023104222308e-02
8.450476829286802938e-02
8.435454848066457900e-02
8.420460078902926304e-02
8.405492520784405008e-02
8.390552172257872976e-02
8.375639031371320820e-02
8.360753095741575713e-02
8.345894362508815556e-02
8.331062828366495032e-02
8.316258489540749588e-02
8.301481341832825378e-02
8.286731380585615758e-02
8.272008600713301463e-02
8.257312996654884996e-02
8.242644562467066338e-02
8.228003291726784796e-02
8.213389177624046134e-02
8.198802212889459706e-02
8.184242389848865595e-02
8.169709700414230780e-02
8.155204136048888053e-02
8.140725687847542857e-02
8.126274346475780008e-02
8.111850102186041189e-02
8.097452944833494204e-02
8.083082863891974390e-02
8.068739848405574733e-02
8.054423887042756747e-02
8.040134968086333489e-02
8.025873079436086910e-02
8.011638208585536436e-02
7.997430342663033875e-02
7.983249468434144847e-02
7.969095572252259119e-02
7.954968640138224134e-02
7.940868657730774938e-02
7.926795610301380635e-02
7.912749482756119279e-02
7.898730259637423701e-02
7.884737925164775341e-02
7.870772463171339661e-02
7.856833857144406019e-02
7.842922090252876788e-02
7.829037145296502409e-02
7.815179004733106838e-02
7.801347650705867109e-02
7.787543065005168852e-02
7.773765229095683238e-02
7.760014124117237122e-02
7.746289730872467361e-02
7.732592029866841576e-02
7.718921001269921089e-02
7.705276624928927842e-02
7.691658880382297447e-02
7.678067746886388378e-02
7.664503203336650583e-02
7.650965228386401307e-02
7.637453800328179720e-02
7.623968897199294437e-02
7.610510496728914442e-02
7.597078576351080914e-02
7.583673113191120863e-02
7.570294084131568013e-02
7.556941465745459219e-02
7.543615234295662775e-02
7.530315365827297547e-02
7.517041836074032923e-02
7.503794620483772437e-02
7.490573694271110416e-02
7.477379032363092037e-02
7.464210609411434105e-02
7.451068399818105981e-02
7.437952377747542032e-02
7.424862517071845192e-02
7.411798791422884169e-02
7.398761174190895962e-02
7.385749638496119651e-02
7.372764157254291240e-02
7.359804703080916055e-02
7.346871248397009169e-02
7.333963765359999276e-02
7.321082225915659381e-02
7.308226601755662966e-02
7.295396864355938038e-02
7.282592984961026861e-02
7.269814934581798893e-02
7.257062684020187948e-02
7.244336203839712995e-02
7.231635464403614322e-02
7.218960435872363857e-02
7.206311088160304024e-02
7.193687391000790077e-02
7.181089313889063575e-02
7.168516826161025479e-02
7.155969896908641326e-02
7.143448495044993352e-02
7.130952589273972797e-02
7.118482148114391173e-02
7.106037139883102094e-02
7.093617532705362438e-02
7.081223294538814550e-02
7.068854393142716408e-02
7.056510796074347280e-02
7.044192470740268108e-02
7.031899384337797487e-02
7.019631503919922244e-02
7.007388796336543046e-02
6.995171228285587683e-02
6.982978766281557059e-02
6.970811376679046656e-02
6.958669025654871942e-02
6.946551679259134471e-02
6.934459303328151247e-02
6.922391863576830839e-02
6.910349325552908595e-02
6.898331654632446075e-02
6.886338816084647263e-02
6.874370774970266218e-02
6.862427496234005386e-02
6.850508944686034551e-02
6.838615084969418279e-02
6.826745881583060060e-02
6.814901298904653404e-02
6.803081301157887228e-02
6.791285852435280379e-02
6.779514916707052308e-02
6.767768457788049530e-02
6.756046439374417678e-02
6.744348825052319529e-02
6.732675578250642279e-02
6.721026662291532117e-02
6.709402040370958387e-02
6.697801675553137490e-02
6.686225530821114649e-02
6.674673568986837224e-02
6.663145752811897027e-02
6.651642044861129366e-02
6.640162407679678358e-02
6.628706803646372547e-02
6.617275195023999967e-02
6.605867544023874549e-02
6.594483812700972780e-02
6.583123963046634552e-02
6.571787956911680217e-02
6.560475756085015764e-02
6.549187322230699826e-02
6.537922616952414334e-02
6.526681601716143033e-02
6.515464237928730862e-02
6.504270486903040993e-02
6.493100309851285168e-02
6.481953667906788230e-02
6.470830522117285155e-02
6.459730833438113995e-02
6.448654562753886044e-02
6.437601670871616333e-02
6.426572118513765308e-02
6.415565866325506628e-02
6.404582874867653652e-02
6.393623104638143650e-02
6.382686516079220940e-02
6.371773069512902399e-02
6.360882725248312441e-02
6.350015443502748935e-02
6.339171184408542992e-02
6.328349908048713779e-02
6.317551574463899089e-02
6.306776143601665330e-02
6.296023575366437031e-02
6.285293829597482507e-02
6.274586866075587688e-02
6.263902644515305373e-02
6.253241124614911106e-02
6.242602265976344988e-02
6.231986028155041962e-02
6.221392370695425639e-02
6.210821253036055700e-02
6.200272634617399331e-02
6.189746474801314374e-02
6.179242732920845610e-02
6.168761368257535266e-02
6.158302340047675655e-02
6.147865607503064794e-02
6.137451129759038254e-02
6.127058865967900669e-02
6.116688775188605653e-02
6.106340816480174821e-02
6.096014948849462489e-02
6.085711131271710067e-02
6.075429322711144164e-02
6.065169482068449858e-02
6.054931568215829452e-02
6.044715540032178508e-02
6.034521356335702247e-02
6.024348975933614680e-02
6.014198357583874777e-02
6.004069460059600905e-02
5.993962242081354169e-02
5.983876662352114600e-02
5.973812679562882921e-02
5.963770252383564230e-02
5.953749339439003141e-02
5.943749899373404477e-02
5.933771890811635058e-02
5.923815272335099247e-02
5.913880002531397839e-02
5.903966039970163365e-02
5.894073343208375282e-02
5.884201870795663369e-02
5.874351581264756345e-02
5.864522433136687418e-02
5.854714384940826882e-02
5.844927395175551765e-02
5.835161422343015242e-02
5.825416424969148688e-02
5.815692361519558817e-02
5.805989190493698188e-02
5.796306870400204370e-02
5.786645359687375006e-02
5.777004616882158716e-02
5.767384600446071041e-02
5.757785268869466955e-02
5.748206580661541221e-02
5.738648494280424589e-02
5.729110968257501713e-02
5.719593961082618944e-02
5.710097431268584128e-02
5.700621337310949471e-02
5.691165637752605005e-02
5.681730291113495923e-02
5.672315255925172717e-02
5.662920490750411595e-02
5.653545954127670026e-02
5.644191604650752869e-02
5.634857400898155011e-02
5.625543301452499284e-02
5.616249264920034762e-02
5.606975249950161416e-02
5.597721215149326079e-02
5.588487119206040493e-02
5.579272920774495936e-02
5.570078578539199715e-02
5.560904051219297400e-02
5.551749297542576955e-02
5.542614276234499038e-02
5.533498946098145549e-02
5.524403265897188248e-02
5.515327194450923148e-02
5.506270690592920264e-02
5.497233713175097430e-02
5.488216221086965330e-02
5.479218173214055881e-02
5.470239528502766901e-02
5.461280245918738452e-02
5.452340284420304634e-02
5.443419603023351427e-02
5.434518160790061114e-02
5.425635916756479937e-02
5.416772830027916791e-02
5.407928859737037158e-02
5.399103965032352875e-02
5.390298105112605043e-02
5.381511239169309985e-02
5.372743326482355697e-02
5.363994326301182308e-02
5.355264197971083828e-02
5.346552900844917661e-02
5.337860394271309178e-02
5.329186637705805168e-02
5.320531590591602578e-02
5.311895212409177558e-02
5.303277462679848592e-02
5.294678301000155934e-02
5.286097686937529100e-02
5.277535580157039635e-02
5.268991940316965911e-02
5.260466727149351596e-02
5.251959900417162846e-02
5.243471419886739510e-02
5.235001245423925864e-02
5.226549336904695586e-02
5.218115654233902029e-02
5.209700157395074499e-02
5.201302806376251198e-02
5.192923561235257557e-02
5.184562382056432522e-02
5.176219228969369118e-02
5.167894062167691094e-02
5.159586841881182856e-02
5.151297528363379258e-02
5.143026081925819448e-02
5.134772462941220722e-02
5.126536631815459960e-02
5.118318548990616335e-02
5.110118174994889712e-02
5.101935470336391165e-02
5.093770395646693427e-02
5.085622911558937420e-02
5.077492978757655595e-02
5.069380558013082683e-02
5.061285610074545832e-02
5.053208095830000884e-02
5.045147976136644952e-02
5.037105211964875567e-02
5.029079764291420618e-02
5.021071594164944890e-02
5.013080662677523586e-02
5.005106930983190677e-02
4.997150360300783856e-02
4.989210911853796115e-02
4.981288546967575087e-02
4.973383226993391415e-02
4.965494913358448753e-02
4.957623567505534817e-02
4.949769150990408761e-02
4.941931625358226415e-02
4.934110952256742788e-02
4.926307093375827117e-02
4.918520010450068425e-02
4.910749665261392172e-02
4.902996019689199320e-02
4.895259035617929161e-02
4.887538675050590031e-02
4.879834899968604062e-02
4.872147672477109004e-02
4.864476954696436012e-02
4.856822708828114482e-02
4.849184897141543826e-02
4.841563481912822264e-02
4.833958425538596726e-02
4.826369690427116665e-02
4.818797239080295503e-02
4.811241034048367726e-02
4.803701037900338922e-02
4.796177213338101430e-02
4.788669523055170268e-02
4.781177929850811276e-02
4.773702396568523659e-02
4.766242886098334686e-02
4.758799361427145519e-02
4.751371785561010058e-02
4.743960121575423877e-02
4.736564332649724485e-02
4.729184381957103611e-02
4.721820232779116999e-02
4.714471848459837050e-02
4.707139192375927456e-02
4.699822227987044548e-02
4.692520918805900138e-02
4.685235228416530923e-02
4.677965120460377685e-02
4.670710558638441201e-02
4.663471506729546801e-02
4.656247928544095943e-02
4.649039787974554999e-02
4.641847048997612551e-02
4.634669675627830360e-02
4.627507631919650782e-02
4.620360882066525121e-02
4.613229390241219141e-02
4.606113120743465100e-02
4.599012037904889189e-02
4.591926106123386808e-02
4.584855289865127914e-02
4.577799553666567905e-02
4.570758862136454354e-02
4.563733179909026244e-02
4.556722471743480246e-02
4.549726702395872485e-02
4.542745836751137939e-02
4.535779839727431539e-02
4.528828676294260891e-02
4.521892311523259544e-02
4.514970710524922326e-02
4.508063838483045843e-02
4.501171660656621415e-02
4.494294142332682512e-02
4.487431248926154748e-02
4.480582945867331995e-02
4.473749198652662157e-02
4.466929972895700846e-02
4.460125234214321055e-02
4.453334948330728987e-02
4.446559081040508954e-02
4.439797598148769592e-02
4.433050465603120827e-02
4.426317649347735750e-02
4.419599115456421257e-02
4.412894830035809374e-02
4.406204759243446262e-02
4.399528869338840270e-02
4.392867126619354190e-02
4.386219497487739427e-02
4.379585948371449849e-02
4.372966445790187756e-02
4.366360956324616405e-02
4.359769446601451104e-02
4.353191883361146042e-02
4.346628233360434745e-02
4.340078463456512048e-02
4.333542540575630736e-02
4.327020431681567053e-02
4.320512103843403978e-02
4.314017524154321187e-02
4.307536659815966451e-02
4.301069478090336490e-02
4.294615946268097451e-02
4.288176031753076350e-02
4.281749701997423357e-02
4.275336924536340261e-02
4.268937666923067198e-02
4.262551896846791116e-02
4.256179582034375075e-02
4.249820690251757821e-02
4.243475189372047235e-02
4.237143047327041057e-02
4.230824232108652827e-02
4.224518711770346158e-02
4.218226454461963815e-02
4.211947428347652400e-02
4.205681601740939718e-02
4.199428942922295294e-02
4.193189420324427291e-02
4.186963002399900907e-02
4.180749657706182149e-02
4.174549354823290509e-02
4.168362062422144299e-02
4.162187749265985198e-02
4.156026384127829709e-02
4.149877935909283833e-02
4.143742373524353373e-02
4.137619666001552537e-02
4.131509782401208281e-02
4.125412691884024208e-02
4.119328363645091001e-02
4.113256766982518325e-02
4.107197871214497004e-02
4.101151645764825049e-02
4.095118060113631109e-02
4.089097083815509959e-02
4.083088686483903745e-02
4.077092837792327396e-02
4.071109507492509660e-02
4.065138665398744522e-02
4.059180281389103417e-02
4.053234325423583917e-02
4.047300767528431986e-02
4.041379577763418857e-02
4.035470726307786860e-02
4.029574183359744405e-02
4.023689919205451770e-02
4.017817904203264956e-02
4.011958108784919458e-02
4.006110503405704848e-02
4.000275058647597554e-02
3.994451745101397500e-02
3.988640533469928195e-02
3.982841394518168293e-02
3.977054299040262697e-02
3.971279217928803951e-02
3.965516122124822934e-02
3.959764982670075512e-02
3.954025770639914283e-02
3.948298457195580091e-02
3.942583013516932217e-02
3.936879410923190686e-02
3.931187620737255917e-02
3.925507614406513468e-02
3.919839363384094305e-02
3.914182839215517989e-02
3.908538013539806372e-02
3.902904858004802024e-02
3.897283344371080260e-02
3.891673444444403857e-02
3.886075130111062148e-02
3.880488373287360043e-02
3.874913145989360846e-02
3.869349420299558057e-02
3.863797168350666111e-02
3.858256362326593913e-02
3.852726974515102709e-02
3.847208977257165347e-02
3.841702342913419499e-02
3.836207043968592467e-02
3.830723052963546510e-02
3.825250342461675862e-02
3.819788885118900051e-02
3.814338653684692937e-02
3.808899620933892810e-02
3.803471759684866338e-02
3.798055042904310841e-02
3.792649443517785018e-02
3.787254934601087808e-02
3.781871489259970576e-02
3.776499080665688540e-02
3.771137682021185461e-02
3.765787266666144328e-02
3.760447807956428246e-02
3.755119279282233269e-02
3.749801654173300081e-02
3.744494906160736325e-02
3.739199008882238690e-02
3.733913935995962496e-02
3.728639661251004905e-02
3.723376158470910469e-02
3.718123401484767221e-02
3.712881364267568013e-02
3.707650020801556839e-02
3.702429345146830003e-02
3.697219311407248105e-02
3.692019893766217142e-02
3.686831066505051602e-02
3.681652803898859821e-02
3.676485080339798872e-02
3.671327870232888452e-02
3.666181148101894938e-02
3.661044888502580641e-02
3.655919066023439329e-02
3.650803655391757219e-02
3.645698631316521970e-02
3.640603968612025204e-02
3.635519642128433315e-02
3.630445626840462375e-02
3.625381897689910343e-02
3.620328429744678472e-02
3.615285198111614640e-02
3.610252177990104505e-02
3.605229344567097149e-02
3.600216673176473425e-02
3.595214139158798422e-02
3.590221717914916788e-02
3.585239384959695852e-02
3.580267115799171118e-02
3.575304886037209556e-02
3.570352671340960155e-02
3.565410447406173328e-02
3.560478190046408031e-02
3.555555875069854599e-02
3.550643478386259627e-02
3.545740975954531776e-02
3.540848343783419699e-02
3.535965557949948684e-02
3.531092594617899622e-02
3.526229429931964504e-02
3.521376040196010082e-02
3.516532401713940575e-02
3.511698490825841679e-02
3.506874283997599845e-02
3.502059757714878069e-02
3.497254888501533793e-02
3.492459653009341580e-02
3.487674027876176003e-02
3.482897989815697537e-02
3.478131515635912024e-02
3.473374582186327525e-02
3.468627166322833799e-02
3.463889245051237492e-02
3.459160795349270484e-02
3.454441794328080156e-02
3.449732219071913880e-02
3.445032046799753611e-02
3.440341254758615824e-02
3.435659820224104544e-02
3.430987720590647494e-02
3.426324933264599665e-02
3.421671435700655850e-02
3.417027205438361720e-02
3.412392220066851750e-02
3.407766457243424640e-02
3.403149894658188263e-02
3.398542510070604039e-02
3.393944281274102054e-02
3.389355186168664658e-02
3.384775202671444494e-02
3.380204308753308878e-02
3.375642482439421277e-02
3.371089701863945465e-02
3.366545945126341727e-02
3.362011190472315864e-02
3.357485416132000022e-02
3.352968600446887965e-02
3.348460721762012288e-02
3.343961758516862670e-02
3.339471689173631463e-02
3.334990492290118569e-02
3.330518146447924988e-02
3.326054630289169284e-02
3.321599922498922469e-02
3.317154001842004263e-02
3.312716847127286646e-02
3.308288437226361567e-02
3.303868751019595901e-02
3.299457767505612621e-02
3.295055465711051873e-02
3.290661824691031717e-02
3.286276823584219353e-02
3.281900441577006305e-02
3.277532657885787182e-02
3.273173451830333619e-02
3.268822802743240330e-02
3.264480690025085841e-02
3.260147093108450161e-02
3.255821991513173363e-02
3.251505364773844831e-02
3.247197192513330555e-02
3.242897454388498496e-02
3.238606130108959147e-02
3.234323199437552643e-02
3.230048642172542867e-02
3.225782438221327236e-02
3.221524567472765915e-02
3.217275009907518551e-02
3.213033745543576042e-02
3.208800754473407207e-02
3.204576016791049059e-02
3.200359512702672521e-02
3.196151222416925702e-02
3.191951126218833812e-02
3.187759204451919709e-02
3.183575437463486563e-02
3.179399805733831852e-02
3.175232289692704601e-02
3.171072869922233334e-02
3.166921526973246609e-02
3.162778241476205815e-02
3.158642994141711013e-02
3.154515765668721577e-02
3.150396536874125464e-02
3.146285288582482270e-02
3.142182001644844985e-02
3.138086657031609328e-02
3.133999235703599506e-02
3.129919718704898823e-02
3.125848087107822165e-02
3.121784322050326008e-02
3.117728404699413383e-02
3.113680316288592459e-02
3.109640038081230504e-02
3.105607551426610782e-02
3.101582837667591491e-02
3.097565878252351093e-02
3.093556654642002843e-02
3.089555148329514375e-02
3.085561340933097238e-02
3.081575214010669542e-02
3.077596749264826723e-02
3.073625928394439072e-02
3.069662733132210927e-02
3.065707145319618299e-02
3.061759146776866017e-02
3.057818719433768456e-02
3.053885845218247755e-02
3.049960506112650571e-02
3.046042684191530708e-02
3.042132361509950964e-02
3.038229520215949067e-02
3.034334142476165230e-02
3.030446210551045877e-02
3.026565706664223129e-02
3.022692613190069641e-02
3.018826912448107150e-02
3.014968586871938014e-02
3.011117618934713164e-02
3.007273991111946224e-02
3.003437685956895573e-02
2.999608686063423915e-02
2.995786974103942582e-02
2.991972532717017755e-02
2.988165344658046119e-02
2.984365392705680062e-02
2.980572659680943634e-02
2.976787128447596145e-02
2.973008781912462109e-02
2.969237603025788597e-02
2.965473574800444462e-02
2.961716680274566540e-02
2.957966902549612545e-02
2.954224224734096349e-02
2.950488630019412750e-02
2.946760101623556796e-02
2.943038622829248843e-02
2.939324176927542859e-02
2.935616747274882865e-02
2.931916317274532724e-02
2.928222870357970534e-02
2.924536390023096608e-02
2.920856859777713754e-02
2.917184263196699948e-02
2.913518583903395090e-02
2.909859805550963491e-02
2.906207911841659358e-02
2.902562886489169422e-02
2.898924713313909274e-02
2.895293376129368448e-02
2.891668858799385788e-02
2.888051145238493961e-02
2.884440219412242462e-02
2.880836065299417076e-02
2.877238666949474485e-02
2.873648008444763119e-02
2.870064073900814583e-02
2.866486847466626423e-02
2.862916313363135165e-02
2.859352455845375063e-02
2.855795259202761199e-02
2.852244707740250393e-02
2.848700785835968710e-02
2.845163477903294921e-02
2.841632768410298424e-02
2.838108641822584960e-02
2.834591082699312523e-02
2.831080075597738194e-02
2.827575605130949049e-02
2.824077655987369470e-02
2.820586212815948471e-02
2.817101260379897137e-02
2.813622783441863118e-02
2.810150766840997447e-02
2.806685195416406750e-02
2.803226054065038539e-02
2.799773327722773417e-02
2.796327001345422225e-02
2.792887059986024281e-02
2.789453488679606921e-02
2.786026272520455288e-02
2.782605396643137233e-02
2.779190846203467846e-02
2.775782606417364837e-02
2.772380662561143780e-02
2.768984999894550866e-02
2.765595603757553186e-02
2.762212459512673746e-02
2.758835552545221143e-02
2.755464868340933016e-02
2.752100392331460060e-02
2.748742110068768535e-02
2.745390007089914056e-02
2.742044069014126437e-02
2.738704281446165470e-02
2.735370630073492501e-02
2.732043100608376462e-02
2.728721678768692219e-02
2.725406350375253126e-02
2.722097101235559577e-02
2.718793917182844161e-02
2.715496784154099175e-02
2.712205688034760240e-02
2.708920614834003926e-02
2.705641550548820023e-02
2.702368481203105965e-02
2.699101392906401095e-02
2.695840271737168919e-02
2.692585103879511707e-02
2.689335875506400006e-02
2.686092572857943020e-02
2.682855182183057491e-02
2.679623689798296682e-02
2.676398082009912374e-02
2.673178345192251879e-02
2.669964465768483869e-02
2.666756430171686107e-02
2.663554224884199031e-02
2.660357836398678788e-02
2.657167251277101419e-02
2.653982456111817281e-02
2.650803437506137061e-02
2.647630182133414029e-02
2.644462676639111956e-02
2.641300907798102907e-02
2.638144862357822557e-02
2.634994527077675133e-02
2.631849888827590342e-02
2.628710934450606551e-02
2.625577650841727853e-02
2.622450024948170394e-02
2.619328043710486900e-02
2.616211694161283546e-02
2.613100963307186247e-02
2.609995838227609569e-02
2.606896306035543995e-02
2.603802353858027802e-02
2.600713968856063762e-02
2.597631138244591714e-02
2.594553849253184580e-02
2.591482089165787414e-02
2.588415845281369712e-02
2.585355104933892770e-02
2.582299855492515075e-02
2.579250084361797007e-02
2.576205779001733073e-02
2.573166926848647132e-02
2.570133515434345345e-02
2.567105532267325435e-02
2.564082964932152403e-02
2.561065801050016119e-02
2.558054028199414909e-02
2.555047634115054436e-02
2.552046606429672626e-02
2.549050932932682770e-02
2.546060601351602878e-02
2.543075599471563211e-02
2.540095915155485620e-02
2.537121536244667935e-02
2.534152450638655490e-02
2.531188646235611392e-02
2.528230111012283107e-02
2.525276832964377244e-02
2.522328800066749380e-02
2.519386000413398677e-02
2.516448422077859418e-02
2.513516053133276265e-02
2.510588881772592845e-02
2.507666896128730311e-02
2.504750084434811952e-02
2.501838434904256683e-02
2.498931935811029778e-02
2.496030575469839613e-02
2.493134342196192538e-02
2.490243224326589913e-02
2.487357210278914876e-02
2.484476288472356464e-02
2.481600447327527229e-02
2.478729675367094543e-02
2.475863961055196905e-02
2.473003292958400601e-02
2.470147659645374402e-02
2.467297049707133094e-02
2.464451451777333046e-02
2.461610854512325322e-02
2.458775246611451942e-02
2.455944616797083729e-02
2.453118953794575230e-02
2.450298246372762528e-02
2.447482483384555429e-02
2.444671653625754212e-02
2.441865745976551372e-02
2.439064749341124730e-02
2.436268652627565645e-02
2.433477444788462521e-02
2.430691114800843933e-02
2.427909651686584527e-02
2.425133044472064028e-02
2.422361282249103909e-02
2.419594354073771256e-02
2.416832249108455399e-02
2.414074956480077513e-02
2.411322465381654859e-02
2.408574765031903236e-02
2.405831844634725644e-02
2.403093693480952767e-02
2.400360300846901898e-02
2.397631656075843720e-02
2.394907748517150284e-02
2.392188567506044194e-02
2.389474102506280312e-02
2.386764342906662340e-02
2.384059278163732504e-02
2.381358897802002619e-02
2.378663191291707432e-02
2.375972148212161794e-02
2.373285758109052943e-02
2.370604010596656999e-02
2.367926895276281640e-02
2.365254401818146085e-02
2.362586519879759581e-02
2.359923239167388553e-02
2.357264549436254020e-02
2.354610440408756722e-02
2.351960901897478390e-02
2.349315923682423340e-02
2.346675495634109598e-02
2.344039607590715432e-02
2.341408249460748964e-02
2.338781411141108504e-02
2.336159082599344183e-02
2.333541253771100055e-02
2.330927914662955097e-02
2.328319055311498312e-02
2.325714665742316389e-02
2.323114736052405566e-02
2.320519256307410419e-02
2.317928216644670608e-02
2.315341607211604188e-02
2.312759418186428190e-02
2.310181639757668062e-02
2.307608262186186879e-02
2.305039275681500591e-02
2.302474670525712919e-02
2.299914437032399284e-02
2.297358565546748707e-02
2.294807046362975361e-02
2.292259869910513378e-02
2.289717026568066638e-02
2.287178506767123531e-02
2.284644300950705934e-02
2.282114399614922073e-02
2.279588793226203572e-02
2.277067472345785729e-02
2.274550427484705803e-02
2.272037649249096861e-02
2.269529128215844876e-02
2.267024855036486181e-02
2.264524820312713640e-02
2.262029014741909899e-02
2.259537429034206429e-02
2.257050053870942805e-02
2.254566880008797292e-02
2.252087898238343613e-02
2.249613099321672374e-02
2.247142474075801422e-02
2.244676013351984759e-02
2.242213708015001680e-02
2.239755548922375480e-02
2.237301526987064623e-02
2.234851633177650093e-02
2.232405858414024044e-02
2.229964193692793306e-02
2.227526630003848207e-02
2.225093158372258226e-02
2.222663769858409036e-02
2.220238455516262283e-02
2.217817206456251800e-02
