5.468844047631301608e-01
6.003873995220768700e-01
6.562502887662905460e-01
7.143155656219533078e-01
7.743158057532362193e-01
8.358541634121711139e-01
8.984062873902035617e-01
9.613437772226963718e-01
1.023973368624295999e+00
1.085583045450769113e+00
1.145486592414963312e+00
1.203060490277123140e+00
1.257770051457723026e+00
1.309184297851507583e+00
1.356980914046190589e+00
1.400943959791620230e+00
1.440959552644105690e+00
1.477024551857935908e+00
1.509320065110874021e+00
1.538516753035575002e+00
1.566769803842841924e+00
1.600416853906806214e+00
1.656035849457013986e+00
1.771308675542815125e+00
2.019120105624332417e+00
2.515928813811306952e+00
3.406406024165390178e+00
4.806118851238736056e+00
6.705781509374446614e+00
8.882567177893763599e+00
1.089461884005678094e+01
1.220953766465646417e+01
1.242924171205967276e+01
1.148478833586613668e+01
9.672707526629139352e+00
7.507444093354949111e+00
5.489280154511908094e+00
3.928413881258501661e+00
2.901754909820609463e+00
2.320742250703030862e+00
2.036602429416881854e+00
1.922027364638823954e+00
1.908713105276337529e+00
1.989160800665471962e+00
2.197400232314109303e+00
2.577727098026622254e+00
3.147147081245563527e+00
3.861578227447190592e+00
4.602880032114094355e+00
5.202176159745019568e+00
5.497955435620452747e+00
5.403068498248233098e+00
4.942940217726272678e+00
4.241857887433604368e+00
3.466565328899349208e+00
2.761413218006143921e+00
2.208576929586800741e+00
1.824916815658494729e+00
1.584079988207365064e+00
1.444001887845022258e+00
1.366072618107281977e+00
1.322926293011912335e+00
1.298605516838833074e+00
1.285984664970007962e+00
1.284399099271616329e+00
1.298167183400815938e+00
1.335249557304511114e+00
1.404790674924212945e+00
1.512761530184865588e+00
1.656370564351037578e+00
1.819743042919086395e+00
1.974210390528206238e+00
2.085091360574431896e+00
2.123276224507197441e+00
2.076431636464397545e+00
1.953991042173402803e+00
1.783228574240277364e+00
1.598675864131580804e+00
1.430532396698442454e+00
1.297440676156088601e+00
1.205743084205546323e+00
1.153656100077711466e+00
1.136881971954414539e+00
1.152491672966690306e+00
1.199537236018785258e+00
1.276669625230644867e+00
1.378422995818475050e+00
1.492487049007910516e+00
1.599972205852873586e+00
1.679330183182268899e+00
1.712777782602283638e+00
1.692867188879305207e+00
1.627177089546005151e+00
1.540995505398896404e+00
1.480217872379884891e+00
1.517503498713553833e+00
1.761866885542828776e+00
2.364574495193557446e+00
3.505556293751340480e+00
5.342751774762950490e+00
7.921544685005063258e+00
1.107357943557279434e+01
1.436621775411494717e+01
1.716450615714250105e+01
1.881742968254001624e+01
1.889980300501674293e+01
1.738765497162225770e+01
1.466820021805222396e+01
1.137843504359606861e+01
8.163706895037121214e+00
5.480213800319261530e+00
3.518729274068014057e+00
2.246321786471060733e+00
1.507419843002451021e+00
1.120513493119763337e+00
9.361525604081396557e-01
8.547670611089014381e-01
8.200228708553098933e-01
8.042173611395349031e-01
7.953523119508677519e-01
7.888124430096873363e-01
7.830118560460186394e-01
7.774618645787360061e-01
7.720281457236848333e-01
7.666817847582979573e-01
7.614297081626509867e-01
7.563059570064175618e-01
7.513859139821865707e-01
7.468106834796437443e-01
7.428096828661472362e-01
7.397012132385749617e-01
7.378453877706383501e-01
7.375345382118979609e-01
7.388402121607465789e-01
7.414810269438911750e-01
7.447976472313332374e-01
7.478853109450882553e-01
7.498439612780447572e-01
7.500198358513205932e-01
7.481069877318511363e-01
7.440741521880578357e-01
7.380110476162561328e-01
7.300384740999725786e-01
7.203521591407603397e-01
7.093383824517756064e-01
6.976289163206366162e-01
6.860117163346980407e-01
6.752304018654377016e-01
6.657869468610170260e-01
6.578505755828188972e-01
6.512981790201045618e-01
6.458369101140228885e-01
6.411349945400166561e-01
6.369099360500023455e-01
6.329624083488162301e-01
6.291711818052597716e-01
6.254713323029369443e-01
6.218317692389173645e-01
6.182389469723502673e-01
6.146873202155884730e-01
6.111745903753721398e-01
6.076996432781546220e-01
6.042617586837003563e-01
6.008603400611581824e-01
5.974948316110331170e-01
5.941646951851584646e-01
5.908694043569422405e-01
5.876084429108372476e-01
5.843813043626984172e-01
5.811874917008426067e-01
5.780265171730069040e-01
5.748979020851465727e-01
5.718011766059047929e-01
5.687358795756572993e-01
5.657015583200247777e-01
5.626977684675945612e-01
5.597240737718971459e-01
5.567800459374298017e-01
5.538652644497681354e-01
5.509793164095266871e-01
5.481217963702245122e-01
5.452923061798745641e-01
5.424904548262740045e-01
5.397158582858785358e-01
5.369681393761662758e-01
5.342469276114526489e-01
5.315518590620684769e-01
5.288825762167691513e-01
5.262387278483954267e-01
5.236199688825903253e-01
5.210259602696466485e-01
5.184563688592422892e-01
5.159108672781478333e-01
5.133891338107288149e-01
5.108908522822380727e-01
5.084157119448130535e-01
5.059634073660678188e-01
5.035336383203402599e-01
5.011261096824154437e-01
4.987405313240699800e-01
4.963766180145141593e-01
4.940340893306620629e-01
4.917126696029546773e-01
4.894120879998197782e-01
4.871320791297565345e-01
4.848723854338671813e-01
4.826327652657315670e-01
4.804130174734723147e-01
4.782130494930416087e-01
4.760330489885392646e-01
4.738738757005827584e-01
4.717378651994943994e-01
4.696302912367023019e-01
4.675616737266401479e-01
4.655507995377358155e-01
4.636276266628335807e-01
4.618342576777272890e-01
4.602213840804337264e-01
4.588379016426061829e-01
4.577136051723311172e-01
4.568388976626492903e-01
4.561495792433020169e-01
4.555260417974642539e-01
4.548121989947342958e-01
4.538508069599418993e-01
4.525228310316831704e-01
4.507750597308267104e-01
4.486253443145667430e-01
4.461460129104582450e-01
4.434361827443413784e-01
4.405966102600774592e-01
4.377155009316393008e-01
4.348651209272998974e-01
4.321033469037278696e-01
4.294743668274151327e-01
4.270067654939056490e-01
4.247110978940442649e-01
4.225800069829112049e-01
4.205921555853029958e-01
4.187187822933468029e-01
4.169304299096830979e-01
4.152017860035026042e-01
4.135138711739895778e-01
4.118540061160482768e-01
4.102145387157016820e-01
4.085912464488054563e-01
4.069819662721649856e-01
4.053856417177634786e-01
4.038017540300880559e-01
4.022300227488279645e-01
4.006702646276293356e-01
3.991223335434934127e-01
3.975860972005482719e-01
3.960614288616579604e-01
3.945482046424981792e-01
3.930463026821344741e-01
3.915556028932996591e-01
3.900759868773114869e-01
3.886073378823445279e-01
3.871495407726203708e-01
3.857024820003499554e-01
3.842660495787605379e-01
3.828401330557654192e-01
3.814246234880678266e-01
3.800194134158690895e-01
3.786243968380707536e-01
3.772394691879936701e-01
3.758645273097052097e-01
3.744994694358688148e-01
3.731441951703031168e-01
3.717986054904348636e-01
3.704626028290426976e-01
3.691360914587464293e-01
3.678189789554456857e-01
3.665111812459970753e-01
3.652126387247671135e-01
3.639233640675280101e-01
3.626435739548555248e-01
3.613740253045114592e-01
3.601168078739905853e-01
3.588770618829342229e-01
3.576663776795479532e-01
3.565088819797810893e-01
3.554509379393854807e-01
3.545745121769542929e-01
3.540120878706156105e-01
3.539574273132651272e-01
3.546624430918098869e-01
3.564083236186810222e-01
3.594422809344162140e-01
3.638823985432325658e-01
3.696109370127931282e-01
3.761943566078067014e-01
3.828751934256428568e-01
3.886670941970173376e-01
3.925490959611109831e-01
3.937112044649022646e-01
3.917723145051253963e-01
3.868927197216356917e-01
3.797405650434425017e-01
3.713282873261845585e-01
3.627833210084318583e-01
3.551336196120811195e-01
3.491674249873578106e-01
3.453828489108942135e-01
3.440010852358166837e-01
3.449981149224171650e-01
3.481199262447752241e-01
3.528761803654922868e-01
3.585381662145896708e-01
3.641804908986188138e-01
3.687932843122562199e-01
3.714578199847835549e-01
3.715405899898545639e-01
3.688399831930071482e-01
3.636290461985786093e-01
3.565747702530520646e-01
3.485612957843762794e-01
3.404785063542390411e-01
3.330435636083731721e-01
3.267013225223820427e-01
3.216140376736852935e-01
3.177192171379192853e-01
3.148189684387275311e-01
3.126663923104692766e-01
3.110279391032752527e-01
3.097160599032787176e-01
3.085974229251968182e-01
3.075863686643342532e-01
3.066325716074375651e-01
3.057087861721879407e-01
3.048013441527189227e-01
3.039038607834798622e-01
3.030135424159178803e-01
3.021292316586131621e-01
3.012504628607602375e-01
3.003770426101354252e-01
2.995088775979260487e-01
2.986459091376313379e-01
2.977880900426255195e-01
2.969353771038480971e-01
2.960877289705999837e-01
2.952451058809404949e-01
2.944074701156044194e-01
2.935747868230988988e-01
2.927470250028866849e-01
2.919241583134471463e-01
2.911061651606293155e-01
2.902930273653721582e-01
2.894847267887067366e-01
2.886812397626002946e-01
2.878825300633554574e-01
2.870885422443779644e-01
2.862991979309263968e-01
2.855143975996847217e-01
2.847340290788914485e-01
2.839579817306494558e-01
2.831861628475312309e-01
2.824185113560004901e-01
2.816550043200903297e-01
2.808956540126627544e-01
2.801404965640265088e-01
2.793895759987299887e-01
2.786429286546482365e-01
2.779005721914024618e-01
2.771625012177418301e-01
2.764286891048305939e-01
2.756990938186910101e-01
2.749736650694555307e-01
2.742523505863225242e-01
2.735351003615338339e-01
2.728218687116419350e-01
2.721126146471408713e-01
2.714073012577007948e-01
2.707058947307497410e-01
2.700083634003074828e-01
2.693146770051517147e-01
2.686248061873676707e-01
2.679387221884309556e-01
2.672563966810097558e-01
2.665778016825050556e-01
2.659029095128591091e-01
2.652316927745715369e-01
2.645641243425045364e-01
2.639001773580731958e-01
2.632398252251839099e-01
2.625830416066784467e-01
2.619298004211349506e-01
2.612800758397475498e-01
2.606338422832858437e-01
2.599910744190562784e-01
2.593517471579727118e-01
2.587158356516108260e-01
2.580833152893293736e-01
2.574541616954637568e-01
2.568283507264614296e-01
2.562058584681952134e-01
2.555866612331335608e-01
2.549707355577749968e-01
2.543580581998903800e-01
2.537486061359426337e-01
2.531423565585720348e-01
2.525392868738767782e-01
2.519393746991120953e-01
2.513425978600247190e-01
2.507489343885562771e-01
2.501583625204846228e-01
2.495708606935946594e-01
2.489864075470829274e-01
2.484049819257122260e-01
2.478265628989464731e-01
2.472511298264870039e-01
2.466786625594712956e-01
2.461091420168606547e-01
2.455425517425185999e-01
2.449788818767813792e-01
2.444181387218301305e-01
2.438603664593526343e-01
2.433056935335375648e-01
2.427544255627574199e-01
2.422072191995747470e-01
2.416653843420741854e-01
2.411313680656155811e-01
2.406094590614050177e-01
2.401066979696866721e-01
2.396338706342352742e-01
2.392062977120235912e-01
2.388439485693346631e-01
2.385702789839141968e-01
2.384092370673880357e-01
2.383802118040780349e-01
2.384913488871316656e-01
2.387325133816689260e-01
2.390699453038148681e-01
2.394449321201394254e-01
2.397782752439727438e-01
2.399808950568803612e-01
2.399689485411913015e-01
2.396800252825079247e-01
2.390861246558445563e-01
2.381996910272967116e-01
2.370709111585269091e-01
2.357770825227186173e-01
2.344071591134958832e-01
2.330457288208351574e-01
2.317603430871530701e-01
2.305945944920942126e-01
2.295673349692229359e-01
2.286767205758725441e-01
2.279068624711168833e-01
2.272348492637802642e-01
2.266365306462210516e-01
2.260903161424842878e-01
2.255789966602096686e-01
2.250900541659953402e-01
2.246150699874905066e-01
2.241487665351668268e-01
2.236880420485364285e-01
2.232311794788546244e-01
2.227772792926858703e-01
2.223258925669236719e-01
2.218768033053937772e-01
2.214299088069785204e-01
2.209851583673521358e-01
2.205425238611633809e-01
2.201019864744689636e-01
2.196635310666840979e-01
2.192271439086838913e-01
2.187928118252608634e-01
2.183605218895942057e-01
2.179302613300808933e-01
2.175020175349637597e-01
2.170757781604731318e-01
2.166515314688655658e-01
2.162292672632070423e-01
2.158089793322395533e-01
2.153906715481965772e-01
2.149743723623022407e-01
2.145601676220715015e-01
2.141482712279706713e-01
2.137391695471405617e-01
2.133339009684925847e-01
2.129345669008461950e-01
2.125452101616798206e-01
2.121732267546944384e-01
2.118314692599738425e-01
2.115411117727770129e-01
2.113351287793953648e-01
2.112618610483092962e-01
2.113876207256879247e-01
2.117967387762475784e-01
2.125871088798406139e-01
2.138594466821807372e-01
2.156994576959769816e-01
2.181539985720096775e-01
2.212048652742708843e-01
2.247463376488783027e-01
2.285740094853419280e-01
2.323917155679697533e-01
2.358400366855112340e-01
2.385443767391918490e-01
2.401744600724592116e-01
2.405024240031873040e-01
2.394454336947045014e-01
2.370818090192191585e-01
2.336363249143839360e-01
2.294384996978793834e-01
2.248645816415649479e-01
2.202773448365206721e-01
2.159768511251505818e-01
2.121707868018617160e-01
2.089667623967979004e-01
2.063832676405619182e-01
2.043724116306858962e-01
2.028467055312312972e-01
2.017035082430471138e-01
2.008433145166766687e-01
2.001807220390380837e-01
1.996489036226283265e-01
1.991994409467653382e-01
1.987995508286523327e-01
1.984283647078234625e-01
1.980733411750414119e-01
1.977273436158420994e-01
1.973865206229447056e-01
1.970489057546018496e-01
1.967135695860315892e-01
1.963801588035695156e-01
1.960487002040742222e-01
1.957196041181484547e-01
1.953938588169374935e-01
1.950734599396415636e-01
1.947621628016900641e-01
1.944666709575679497e-01
1.941983623850254970e-01
1.939755767947344001e-01
1.938263140172231946e-01
1.937909097651778489e-01
1.939238869560174494e-01
1.942938183218606563e-01
1.949798422978496482e-01
1.960636589347730663e-01
1.976165792546424882e-01
1.996825562109407481e-01
2.022598871097076034e-01
2.052859521025794387e-01
2.086302359456717603e-01
2.121002835450750690e-01
2.154628187258038341e-01
2.184782942731750000e-01
2.209426427610620414e-01
2.227264663350282947e-01
2.238008384347942026e-01
2.242411613242345503e-01
2.242058971002433287e-01
2.238940474067611097e-01
2.234917922560531733e-01
2.231224790478860409e-01
2.228137536427291510e-01
2.224909950045199647e-01
2.219987433354219941e-01
2.211438605718160089e-01
2.197482382909012877e-01
2.176967527340279429e-01
2.149683270598258811e-01
2.116434529369590478e-01
2.078884012454149111e-01
2.039224055303987260e-01
1.999776296912672002e-01
1.962620508330956137e-01
1.929329254481593203e-01
1.900844794256162096e-01
1.877493322922565711e-01
1.859101102896525415e-01
1.845162932349656837e-01
1.835015108375429582e-01
1.827977498617550378e-01
1.823446034778273273e-01
1.820932453934359097e-01
1.820059383222047966e-01
1.820525184221832016e-01
1.822055119523031952e-01
1.824354581751687077e-01
1.827077268783497133e-01
1.829816802004412268e-01
1.832124714585415259e-01
1.833551576115308446e-01
1.833702322146223973e-01
1.832292996760310211e-01
1.829195333918769706e-01
1.824458464831403837e-01
1.818303103707381574e-01
1.811091475208908563e-01
1.803284245971069344e-01
1.795402384739536450e-01
1.788016710432774603e-01
1.781791476662234752e-01
1.777611837449839804e-01
1.776829077584763938e-01
1.781660803367545731e-01
1.795781503143822067e-01
1.825124162092618130e-01
1.878875848582034769e-01
1.970580408386784776e-01
2.119157465642704241e-01
2.349520538127191083e-01
2.692359563196228267e-01
3.182596024975178350e-01
3.856084990238951571e-01
4.744381356529247529e-01
5.867822846423715877e-01
7.227758420140254492e-01
8.799336815961069647e-01
1.052667189560682059e+00
1.232221475792689924e+00
1.407165002164687984e+00
1.564460259059324176e+00
1.691008354382680823e+00
1.775427018249050359e+00
1.809731781669615902e+00
1.790577185307622221e+00
1.719790840940779830e+00
1.604082273409760617e+00
1.453990777868256368e+00
1.282300809577268552e+00
1.102254570349138207e+00
9.259054508519426463e-01
7.628866466759561815e-01
6.197445907602912030e-01
4.998472761420773569e-01
4.037614338460684404e-01
3.299245945797502078e-01
2.754244905415036415e-01
2.367289457441372758e-01
2.102649670453249353e-01
1.928056657475577529e-01
1.816725016669243076e-01
1.747906083282630418e-01
1.706464199537899573e-01
1.681940389181700302e-01
1.667460502210574569e-01
1.658714637484986765e-01
1.653119395100055289e-01
1.649191806088048662e-01
1.646115522018968547e-01
1.643459123469401817e-01
1.641003529054000931e-01
1.638641747634143053e-01
1.636323490119365454e-01
1.634025985451019181e-01
1.631739288680229549e-01
1.629459206335732713e-01
1.627184041701165429e-01
1.624913181923318684e-01
1.622646564025230498e-01
1.620384606677237604e-01
1.618128507424876905e-01
1.615881028778071715e-01
1.613648130950135762e-01
1.611442128765866177e-01
1.609287514033442001e-01
1.607231227259750539e-01
1.605359966791078397e-01
1.603827972077558617e-01
1.602899333258689663e-01
1.603008772141426286e-01
1.604843306679190895e-01
1.609443436771494929e-01
1.618315803360974581e-01
1.633539577124718256e-01
1.657837131412942255e-01
1.694568403818318691e-01
1.747601948578831887e-01
1.821019271130981387e-01
1.918627451242364279e-01
2.043290549371208353e-01
2.196140196384782362e-01
2.375781070185451760e-01
2.577652769720197301e-01
2.793728255763427426e-01
3.012705611299376640e-01
3.220778545510473156e-01
3.402959918474867673e-01
3.544804447251311830e-01
3.634264682360781595e-01
3.663352136105716972e-01
3.629286434688868690e-01
3.534903338023197561e-01
3.388238622027123781e-01
3.201372467733043514e-01
2.988764730014067394e-01
2.765398717611224355e-01
2.545061318351833357e-01
2.339024455289379911e-01
2.155280451946648135e-01
1.998355785134133811e-01
1.869616864630595510e-01
1.767910614866529950e-01
1.690359686926009020e-01
1.633151143357982893e-01
1.592203446881762796e-01
1.563651899099854636e-01
1.544142470298961733e-01
1.530959282177895286e-01
1.522029254772765128e-01
1.515850891802878186e-01
1.511387703971346641e-01
1.507955595765634871e-01
1.505121850144905682e-01
1.502623677655270384e-01
1.500307642459588753e-01
1.498087531293748331e-01
1.495916719272584738e-01
1.493770994253861006e-01
1.491638428421505069e-01
1.489513745790243537e-01
1.487395452322572142e-01
1.485284654995686626e-01
1.483184977668329241e-01
1.481103310266305706e-01
1.479051340388569946e-01
1.477047942314747286e-01
1.475122552225250905e-01
1.473319639148827076e-01
1.471704274980459026e-01
1.470368594311661503e-01
1.469438600193187783e-01
1.469080318215169600e-01
1.469503766213915708e-01
1.470962679957803776e-01
1.473747566292891997e-01
1.478169647301592893e-01
1.484533834853979106e-01
1.493100212602862520e-01
1.504035647716394364e-01
1.517359929338106539e-01
1.532893775769728906e-01
1.550218446008674866e-01
1.568657673838833588e-01
1.587291446637436043e-01
1.605007387917316841e-01
1.620589416091405277e-01
1.632835926573078522e-01
1.640692584981856272e-01
1.643379785959707684e-01
1.640493511263023396e-01
1.632061494992671224e-01
1.618543913547273727e-01
1.600777760766934066e-01
1.579874368714563881e-01
1.557087778854919224e-01
1.533676001655479848e-01
1.510776845504135657e-01
1.489315417425321197e-01
1.469953101122238592e-01
1.453079834165033890e-01
1.438844788134405472e-01
1.427216465407448454e-01
1.418062259206945008e-01
1.411239301212428576e-01
1.406691897535247704e-01
1.404554623629293841e-01
1.405262753552526389e-01
1.409671876870281504e-01
1.419185436174109083e-01
1.435882201254405910e-01
1.462625863903022627e-01
1.503127470754701822e-01
1.561920932280505270e-01
1.644206022878576534e-01
1.755516335207516487e-01
1.901185330479845947e-01
2.085613816060026271e-01
2.311385366475014469e-01
2.578326399339840869e-01
2.882654371446991548e-01
3.216387494155154569e-01
3.567189299931032842e-01
3.918782470059712919e-01
4.251988002178740400e-01
4.546338144443392015e-01
4.782094746966803478e-01
4.942405186880713952e-01
5.015271833541224966e-01
4.995016262590020739e-01
4.882990294694147249e-01
4.687410289409415509e-01
4.422342851149380638e-01
4.106015740022118110e-01
3.758735456569463063e-01
3.400740864897869309e-01
3.050303896055865382e-01
2.722313477978891560e-01
2.427469234541575482e-01
2.172094396913570868e-01
1.958477821511577233e-01
1.785590023168205087e-01
1.649993921146342690e-01
1.546783562482337004e-01
1.470422362395428229e-01
1.415402505638036490e-01
1.376696342230440684e-01
1.350009909505356931e-01
1.331873867713213311e-01
1.319618130805296774e-01
1.311276156912217494e-01
1.305457347184917072e-01
1.301215316848933490e-01
1.297929059035409782e-01
1.295205106664839290e-01
1.292802470389325664e-01
1.290578338352398047e-01
1.288450763643224639e-01
1.286374188655702577e-01
1.284324065140338422e-01
1.282287573321022889e-01
1.280258235853230231e-01
1.278232912955908906e-01
1.276210200442950138e-01
1.274189635014802979e-01
1.272171369564039090e-01
1.270156150059708056e-01
1.268145536372909388e-01
1.266142385923685054e-01
1.264151676443939776e-01
1.262181789225740869e-01
1.260246405366154121e-01
1.258367175200810484e-01
1.256577288481807164e-01
1.254925978354863303e-01
1.253483814176087341e-01
1.252348363779256235e-01
1.251649441758099224e-01
1.251552745841378322e-01
1.252260298960040930e-01
1.254005882569852737e-01
1.257043717485747114e-01
1.261629167866298862e-01
1.267991305600048024e-01
1.276298761604365561e-01
1.286622238385899397e-01
1.298899025180863531e-01
1.312906365312107027e-01
1.328251048076924956e-01
1.344381693719429449e-01
1.360627666765984456e-01
1.376264547384151438e-01
1.390601175122868627e-01
1.403078357750970340e-01
1.413365477605244558e-01
1.421439407637652974e-01
1.427630997039391614e-01
1.432627986489473371e-01
1.437429049674893433e-01
1.443250717252086146e-01
1.451395950139476310e-01
1.463098866123586361e-01
1.479363688754348483e-01
1.500816978846308825e-01
1.527590739153991961e-01
1.559250552521035116e-01
1.594778198450585993e-01
1.632612830821018046e-01
1.670749256734342381e-01
1.706886416182323840e-01
1.738614023082945270e-01
1.763620757510125647e-01
1.779903849868782473e-01
1.785958020152222103e-01
1.780922242637622832e-01
1.764666231587911360e-01
1.737804967373464404e-01
1.701638443883760343e-01
1.658023900218408841e-01
1.609197426413766785e-01
1.557569237067633894e-01
1.505520661353041134e-01
1.455230278839246549e-01
1.408551791097520656e-01
1.366958124926286322e-01
1.331556413312411369e-01
1.303168528672390969e-01
1.282463132334502598e-01
1.270118629442749114e-01
1.266992288691153878e-01
1.274268984377058267e-01
1.293563267930295246e-01
1.326950628142052613e-01
1.376908017644467574e-01
1.446150482164917372e-01
1.537360593423659494e-01
1.652820615622478395e-01
1.793973428043108831e-01
1.960955567182900428e-01
2.152161530497580522e-01
2.363909004318068829e-01
2.590276085596080469e-01
2.823170871793130865e-01
3.052669958028745301e-01
3.267627135224561719e-01
3.456511655734074706e-01
3.608393995182331837e-01
3.713964374776085320e-01
3.766452958682663943e-01
3.762325484929748276e-01
3.701654892211017067e-01
3.588114401259891451e-01
3.428592622667461232e-01
3.232486379588852543e-01
3.010771800292281197e-01
2.774980878570202925e-01
2.536215149653650580e-01
2.304311109614974873e-01
2.087238460398560258e-01
1.890769911618077892e-01
1.718418657868545640e-01
1.571604218745725201e-01
1.449984007259932373e-01
1.351878570969601012e-01
1.274721771375768864e-01
1.215479940792310865e-01
1.171001981333138486e-01
1.138281233729763336e-01
1.114626434240642699e-01
1.097751206437894839e-01
1.085798653788934420e-01
1.077320156384567601e-01
1.071226520034939955e-01
1.066726509164420689e-01
1.063263757137558330e-01
1.060459039789499458e-01
1.058061511690582546e-01
1.055910000028670720e-01
1.053903839376474638e-01
1.051981873253700073e-01
1.050107943822564671e-01
1.048261237665990692e-01
1.046430086465301168e-01
1.044608117993081481e-01
1.042791942131900407e-01
1.040979802278310384e-01
1.039170812694055618e-01
1.037364539677874953e-01
1.035560778041329510e-01
1.033759435132175775e-01
1.031960472286001934e-01
1.030163876069038892e-01
1.028369644519507436e-01
1.026577780744859364e-01
1.024788290011028891e-01
1.023001178457790122e-01
1.021216452545559428e-01
1.019434118822308000e-01
1.017654183826763314e-01
1.015876654054487238e-01
1.014101535938567999e-01
1.012328835847885744e-01
1.010558560086011609e-01
1.008790714897296048e-01
1.007025306483011612e-01
1.005262341032350099e-01
1.003501824798098269e-01
1.001743764269614340e-01
9.999881665292532917e-02
9.982350400120615364e-02
9.964843960741574802e-02
9.947362521216941700e-02
9.929906377570961451e-02
9.912476065310463214e-02
9.895072578660223106e-02
9.877697769755654222e-02
9.860355056812183938e-02
9.843050648316782614e-02
9.825795603602810457e-02
9.808609206798357683e-02
9.791524336595913702e-02
9.774595763185527086e-02
9.757912576467764332e-02
9.741616201760887328e-02
9.725925613085670274e-02
9.711171294092574291e-02
9.697839072460281984e-02
9.686623991318728255e-02
9.678492722121963265e-02
9.674750570560393392e-02
9.677105918788511674e-02
9.687721229469409279e-02
9.709236027576116645e-02
9.744744377720085393e-02
9.797708328945069212e-02
9.871790731075694159e-02
9.970596703784724568e-02
1.009732334876207033e-01
1.025433171818713601e-01
1.044267221497952314e-01
1.066161201998749308e-01
1.090822743795147598e-01
1.117713148195495221e-01
1.146040424071758101e-01
1.174777858142414672e-01
1.202710663180451001e-01
1.228509593131141553e-01
1.250826328670467114e-01
1.268401610713516814e-01
1.280174269173827983e-01
1.285378085745765286e-01
1.283614207587562284e-01
1.274889593939099453e-01
1.259616340870011175e-01
1.238571975308271345e-01
1.212826039812393425e-01
1.183642608754798403e-01
1.152371078845760566e-01
1.120338285565624370e-01
1.088753725977857079e-01
1.058636793252950015e-01
1.030771081309032333e-01
1.005686736537387271e-01
9.836682030758520101e-02
9.647820352993088933e-02
9.489179945254630488e-02
9.358364082230986869e-02
9.252155418014958166e-02
9.166941794175367808e-02
9.099063563341024119e-02
9.045068957839630386e-02
9.001878332328737409e-02
8.966868268323079094e-02
8.937892260921351251e-02
8.913256522159740403e-02
8.891668308554007139e-02
8.872171239557438693e-02
8.854078351887359477e-02
8.836909927943288612e-02
8.820339950883682167e-02
8.804152613554219742e-02
8.788208674639863549e-02
8.772420514464150665e-02
8.756734333209645338e-02
8.741117884250228232e-02
8.725552293743168986e-02
8.710026771563936232e-02
8.694535291357560758e-02
8.679074564754994670e-02
8.663642838967081095e-02
8.648239201780534569e-02
8.632863190219336458e-02
8.617514575702084345e-02
8.602193249011155785e-02
8.586899160233248118e-02
8.571632288086715457e-02
8.556392624683648029e-02
8.541180168116815907e-02
8.525994918940962841e-02
8.510836878542431261e-02
8.495706048352646977e-02
8.480602429599365388e-02
8.465526023119657184e-02
8.450476829292336012e-02
8.435454848068403566e-02
8.420460078903596601e-02
8.405492520784631216e-02
8.390552172257947916e-02
8.375639031371345800e-02
8.360753095741584040e-02
8.345894362508818332e-02
8.331062828366496420e-02
8.316258489540749588e-02
8.301481341832825378e-02
8.286731380585615758e-02
8.272008600713301463e-02
8.257312996654884996e-02
8.242644562467066338e-02
8.228003291726784796e-02
8.213389177624046134e-02
8.198802212889459706e-02
8.184242389848865595e-02
8.169709700414230780e-02
8.155204136048888053e-02
8.140725687847544245e-02
8.126274346475782784e-02
8.111850102186050904e-02
8.097452944833520572e-02
8.083082863892045167e-02
8.068739848405762083e-02
8.054423887043245245e-02
8.040134968087585265e-02
8.025873079439239943e-02
8.011638208593344079e-02
7.997430342682046445e-02
7.983249468479665378e-02
7.969095572359417845e-02
7.954968640386263223e-02
7.940868658295294202e-02
7.926795611564668720e-02
7.912749485535776339e-02
7.898730265651172922e-02
7.884737937957554677e-02
7.870772489929110660e-02
7.856833912174511492e-02
7.842922201532635806e-02
7.829037366553702471e-02
7.815179437290811770e-02
7.801348482194089828e-02
7.787544636574553203e-02
7.773768149724893939e-02
7.760019460963557547e-02
7.746299319542576667e-02
7.732608969245072239e-02
7.718950425286791317e-02
7.705326879071118518e-02
7.691743273527998359e-02
7.678207097181870278e-02
7.664729445747671399e-02
7.651326393301248474e-02
7.638020695158008466e-02
7.624843810151010759e-02
7.611838174251511768e-02
7.599059582244728495e-02
7.586579439278111348e-02
7.574486538268077052e-02
7.562887914878708984e-02
7.551908250305605641e-02
7.541687257318659132e-02
7.532374524765686474e-02
7.524121435583656925e-02
7.517070026647007519e-02
7.511339025754518173e-02
7.507007758414108167e-02
7.504099115498999439e-02
7.502563241262755200e-02
7.502263951678608822e-02
7.502970035896840140e-02
7.504353453195797274e-02
7.505995974463601506e-02
7.507405039420066151e-02
7.508038575344268273e-02
7.507337374498677940e-02
7.504762517480624562e-02
7.499834440689868986e-02
7.492169738009805957e-02
7.481511774810314930e-02
7.467751712676438947e-02
7.450937547088581914e-02
7.431270113571274150e-02
7.409086525525825084e-02
7.384832946376260199e-02
7.359029758371883612e-02
7.332232910318317587e-02
7.304995422359530921e-02
7.277832701255365633e-02
7.251194561903537283e-02
7.225445805140390254e-02
7.200856047264221627e-02
7.177598404557242184e-02
7.155755749929028353e-02
7.135332667098605308e-02
7.116270962931763033e-02
7.098466637295007542e-02
7.081786488919461497e-02
7.066082969424324067e-02
7.051206395245190883e-02
7.037014109767111836e-02
7.023376598162413276e-02
7.010180860674149195e-02
6.997331538632652059e-02
6.984750368488622241e-02
6.972374535136002804e-02
6.960154431491320792e-02
6.948051233374552549e-02
6.936034587906228510e-02
6.924080607188914938e-02
6.912170264997502533e-02
6.900288219848171867e-02
6.888422032691929320e-02
6.876561711142049893e-02
6.864699493386718088e-02
6.852829778966618157e-02
6.840949119934508493e-02
6.829056200231535534e-02
6.817151750885544481e-02
6.805238371212103676e-02
6.793320248830543584e-02
6.781402790951776560e-02
6.769492194593185186e-02
6.757594992698172376e-02
6.745717615698751390e-02
6.733866004936128746e-02
6.722045306592841496e-02
6.710259663509789141e-02
6.698512110481977255e-02
6.686804567311048497e-02
6.675137914584951260e-02
6.663512131736608335e-02
6.651926473533548156e-02
6.640379662788779835e-02
6.628870078894691376e-02
6.617395927591428195e-02
6.605955381985144370e-02
6.594546689986637011e-02
6.583168248291541846e-02
6.571818645579965978e-02
6.560496680376527723e-02
6.549201359324681448e-02
6.537931882207489998e-02
6.526687618872259455e-02
6.515468082774346359e-02
6.504272904145762257e-02
6.493101805106583913e-02
6.481954577954565644e-02
6.470831067080097532e-02
6.459731154525814867e-02
6.448654748892186650e-02
6.437601777043000517e-02
6.426572178101357113e-02
6.415565899236896907e-02
6.404582892766762237e-02
6.393623114245104710e-02
6.382686521211747288e-02
6.371773072329217635e-02
6.360882726999478320e-02
6.350015444998369230e-02
6.339171186333303343e-02
6.328349911229419478e-02
6.317551580171697212e-02
6.306776153979219701e-02
6.296023594094632414e-02
6.285293862963085842e-02
6.274586924674657729e-02
6.263902745933036531e-02
6.253241297568004620e-02
6.242602556595205909e-02
6.231986509324082685e-02
6.221393155658649227e-02
6.210822514801207089e-02
6.200274633030598836e-02
6.189749593472461398e-02
6.179247528393336936e-02
6.168768633845313903e-02
6.158313186498013542e-02
6.147881561960445718e-02
6.137474253280457426e-02
6.127091887972571649e-02
6.116735240668263324e-02
6.106405238589855677e-02
6.096102955803302942e-02
6.085829592590562276e-02
6.075586436269842655e-02
6.065374800669279948e-02
6.055195943258247920e-02
6.045050960948306767e-02
6.034940668397344860e-02
6.024865466148014714e-02
6.014825208648961336e-02
6.004819085240433590e-02
5.994845528378647814e-02
5.984902163964861410e-02
5.974985816557212143e-02
5.965092578699121573e-02
5.955217948081249074e-02
5.945357029514700131e-02
5.935504790968384320e-02
5.925656356165951572e-02
5.915807310490699827e-02
5.905953993345525871e-02
5.896093749921219734e-02
5.886225117963558157e-02
5.876347930932757785e-02
5.866463327150073237e-02
5.856573664005069318e-02
5.846682345853406598e-02
5.836793582947576164e-02
5.826912104830740680e-02
5.817042855012491409e-02
5.807190694304589090e-02
5.797360136789864865e-02
5.787555137532597593e-02
5.777778944569655906e-02
5.768034019753204983e-02
5.758322027346070987e-02
5.748643883121209303e-02
5.738999853819708175e-02
5.729389696063555415e-02
5.719812824518592798e-02
5.710268503510719518e-02
5.700756060981553713e-02
5.691275130949097205e-02
5.681825937895689654e-02
5.672409645080739998e-02
5.663028796279215987e-02
5.653687887344567564e-02
5.644394109025359374e-02
5.635158303259488882e-02
5.625996171767486814e-02
5.616929764262164337e-02
5.607989253184206963e-02
5.599214970216569859e-02
5.590659636847812586e-02
5.582390666079679181e-02
5.574492351129455708e-02
5.567067692882201463e-02
5.560239563273376012e-02
5.554150868766784266e-02
5.548963382524625676e-02
5.544854971451042280e-02
5.542015070225057155e-02
5.540638453900156163e-02
5.540917633960799199e-02
5.543034531574256296e-02
5.547152434340114208e-02
5.553409569660944234e-02
5.561915864213062832e-02
5.572754534405113119e-02
5.585989996091487997e-02
5.601683137952442881e-02
5.619914245942372183e-02
5.640812811471476035e-02
5.664592171101975188e-02
5.691585537202115130e-02
5.722278662664699589e-02
5.757333353969434908e-02
5.797595534456153471e-02
5.844081771417323351e-02
5.897939271782383364e-02
5.960376378021503552e-02
6.032563497621394599e-02
6.115507968310249232e-02
6.209910253630749472e-02
6.316012621324551546e-02
6.433454550348838286e-02
6.561151014955970973e-02
6.697210054247546007e-02
6.838904362308262375e-02
6.982707960025630323e-02
7.124403542189158833e-02
7.259259308337144556e-02
7.382266702798531699e-02
7.488423381602840601e-02
7.573039810205650646e-02
7.632044008188954010e-02
7.662257705927781604e-02
7.661618855267904316e-02
7.629329949917185161e-02
7.565918483934871985e-02
7.473204308320911815e-02
7.354177618296604824e-02
7.212799733912209077e-02
7.053745728477409105e-02
6.882112547218539877e-02
6.703118108672764808e-02
6.521815938126787615e-02
6.342846454034069270e-02
6.170240718263982765e-02
6.007286059254475508e-02
5.856456333764077649e-02
5.719403489979441729e-02
5.597002155000160850e-02
5.489435580675660481e-02
5.396309587132055302e-02
5.316781053657183842e-02
5.249688749606587490e-02
5.193676493705629699e-02
5.147301348647313757e-02
5.109122401360016719e-02
5.077768312158947861e-02
5.051984007882074496e-02
5.030658516588668028e-02
5.012836965897043279e-02
4.997720241143007586e-02
4.984655820781520863e-02
4.973123000348930733e-02
4.962715206526285144e-02
4.953121503694649791e-02
4.944108793080407432e-02
4.935505662904037666e-02
4.927188398641035860e-02
4.919069321847788917e-02
4.911087388415055766e-02
4.903200830571603080e-02
4.895381552286148102e-02
4.887610966557156406e-02
4.879876975471519190e-02
4.872171828269768190e-02
4.864490633975341455e-02
4.856830349913388717e-02
4.849189107284251204e-02
4.841565770084017839e-02
4.833959652215354813e-02
4.826370339093936229e-02
4.818797577427937767e-02
4.811241208130639935e-02
4.803701126248163811e-02
4.796177257565062413e-02
4.788669544893944807e-02
4.781177940487815747e-02
4.773702401678987794e-02
4.766242888520207110e-02
4.758799362559264917e-02
4.751371786083025128e-02
4.743960121812847153e-02
4.736564332756239976e-02
4.729184382004239517e-02
4.721820232799692207e-02
4.714471848468695936e-02
4.707139192379689724e-02
4.699822227988621065e-02
4.692520918806551700e-02
4.685235228416796682e-02
4.677965120460484544e-02
4.670710558638483528e-02
4.663471506729563454e-02
4.656247928544102188e-02
4.649039787974557775e-02
4.641847048997613245e-02
4.634669675627830360e-02
4.627507631919650782e-02
4.620360882066525121e-02
4.613229390241219141e-02
4.606113120743465100e-02
4.599012037904889189e-02
4.591926106123386808e-02
4.584855289865127914e-02
4.577799553666567905e-02
4.570758862136454354e-02
4.563733179909026244e-02
4.556722471743480246e-02
4.549726702395872485e-02
4.542745836751137939e-02
4.535779839727431539e-02
4.528828676294260891e-02
4.521892311523259544e-02
4.514970710524922326e-02
4.508063838483045843e-02
4.501171660656621415e-02
4.494294142332682512e-02
4.487431248926154748e-02
4.480582945867331995e-02
4.473749198652662157e-02
4.466929972895700846e-02
4.460125234214321055e-02
4.453334948330728987e-02
4.446559081040508954e-02
4.439797598148769592e-02
4.433050465603120827e-02
4.426317649347736444e-02
4.419599115456421951e-02
4.412894830035811455e-02
4.406204759243451119e-02
4.399528869338852066e-02
4.392867126619381252e-02
4.386219497487799102e-02
4.379585948371582382e-02
4.372966445790477802e-02
4.366360956325243681e-02
4.359769446602791004e-02
4.353191883363977110e-02
4.346628233366347377e-02
4.340078463468718256e-02
4.333542540600540671e-02
4.327020431731816441e-02
4.320512103943603688e-02
4.314017524351829169e-02
4.307536660200806528e-02
4.301069478831570647e-02
4.294615947679363693e-02
4.288176034409157261e-02
4.281749706938851874e-02
4.275336933623801600e-02
4.268937683443122660e-02
4.262551926533308250e-02
4.256179634767783687e-02
4.249820782847554129e-02
4.243475350094125242e-02
4.237143323091723673e-02
4.230824699822891694e-02
4.224519495924372592e-02
4.218227754035925453e-02
4.211949557366296421e-02
4.205685049498879280e-02
4.199434462081337582e-02
4.193198153815688028e-02
4.186976663375328866e-02
4.180770780646382578e-02
4.174581640200743238e-02
4.168410841794292776e-02
4.162260601920960562e-02
4.156133939820182838e-02
4.150034899981266262e-02
4.143968809773889567e-02
4.137942567819115347e-02
4.131964952649164885e-02
4.126046935472035132e-02
4.120201972738898183e-02
4.114446246726260331e-02
4.108798813960497925e-02
4.103281615335889476e-02
4.097919297087301155e-02
4.092738792141560611e-02
4.087768616241348879e-02
4.083037845043695213e-02
4.078574757184921101e-02
4.074405154261322853e-02
4.070550401004971453e-02
4.067025265318879867e-02
4.063835675338152431e-02
4.060976545411383587e-02
4.058429850181688447e-02
4.056163140487596686e-02
4.054128694107333314e-02
4.052263473120471665e-02
4.050490018995576980e-02
4.048718356153959558e-02
4.046848899415617096e-02
4.044776275255303893e-02
4.042393881481621404e-02
4.039598930906258129e-02
4.036297663912221528e-02
4.032410378491356473e-02
4.027875920287218858e-02
4.022655302760613089e-02
4.016734185752950798e-02
4.010124026101243022e-02
4.002861816347939167e-02
3.995008438353067626e-02
3.986645763928873404e-02
3.977872726548346144e-02
3.968800654078423473e-02
3.959548190379321569e-02
3.950236137731515801e-02
3.940982526869313968e-02
3.931898171137180459e-02
3.923082892947533235e-02
3.914622535827726180e-02
3.906586800993979564e-02
3.899027883848731751e-02
3.891979837517275942e-02
3.885458562413734301e-02
3.879462311859436380e-02
3.873972611995121079e-02
3.868955514438140314e-02
3.864363126868088083e-02
3.860135392756703504e-02
3.856202110827185170e-02
3.852485194632224164e-02
3.848901169103049330e-02
3.845363884781770325e-02
3.841787404671695438e-02
3.838088987072162811e-02
3.834192055534153820e-02
3.830029019995959128e-02
3.825543798065043216e-02
3.820693882270363023e-02
3.815451814783542978e-02
3.809805960921872070e-02
3.803760517199523961e-02
3.797334742321343409e-02
3.790561457028338715e-02
3.783484912555365454e-02
3.776158173125106210e-02
3.768640191572665554e-02
3.760992772889483471e-02
3.753277620441289320e-02
3.745553641587699018e-02
3.737874658268033889e-02
3.730287626878344559e-02
3.722831424293249897e-02
3.715536210817504265e-02
3.708423337180266621e-02
3.701505728070156320e-02
3.694788649483500553e-02
3.688270753351784170e-02
3.681945290516053237e-02
3.675801389089281695e-02
3.669825310490373860e-02
3.664001614056256600e-02
3.658314183879270154e-02
3.652747093619876373e-02
3.647285305478874251e-02
3.641915218395289089e-02
3.636625093893700728e-02
3.631405399367897135e-02
3.626249114674223034e-02
3.621152052395160831e-02
3.616113241660647015e-02
3.611135424541557504e-02
3.606225709272231628e-02
3.601396418960692986e-02
3.596666164655189235e-02
3.592061160992658653e-02
3.587616786882468628e-02
3.583379374825954727e-02
3.579408190286235275e-02
3.575777535466714147e-02
3.572578883679142225e-02
3.569922921337804339e-02
3.567941347505765304e-02
3.566788261313831587e-02
3.566640957040796700e-02
3.567699952821957315e-02
3.570188103667291252e-02
3.574348696629971872e-02
3.580442495738905134e-02
3.588743794899165729e-02
3.599535639812494886e-02
3.613104488386782026e-02
3.629734674862361565e-02
3.649703111412740120e-02
3.673274684485207386e-02
3.700698763711911254e-02
3.732207128272588270e-02
3.768013426244318925e-02
3.808314021139583977e-02
3.853289768710536911e-02
3.903107937567132368e-02
3.957923183568132219e-02
4.017876261423092288e-02
4.083089063631070020e-02
4.153654660143859395e-02
4.229621310386624811e-02
4.310969938109953520e-02
4.397585285604364846e-02
4.489221843193305639e-02
4.585466602480139930e-02
4.685701601140077055e-02
4.789069988850458426e-02
4.894449827044404511e-02
5.000439932382836489e-02
5.105361710877221598e-02
5.207280081045889686e-02
5.304045280022510328e-02
5.393355677518377883e-02
5.472839832105906577e-02
5.540154099642412289e-02
5.593090348974014137e-02
5.629686959590655265e-02
5.648335441544471980e-02
5.647874852086418734e-02
5.627666733807593080e-02
5.587644542063017333e-02
5.528333354584599735e-02
5.450837896077767586e-02
5.356799342951908127e-02
5.248323762297096851e-02
5.127887150550848594e-02
4.998223676241781571e-02
4.862204754569379034e-02
4.722716920010433528e-02
4.582546119203301932e-02
4.444275094855008185e-02
4.310199102296950746e-02
4.182263463860701191e-02
4.062024606344488697e-02
3.950634425575590136e-02
3.848846232477127344e-02
3.757039274928482275e-02
3.675257969280310705e-02
3.603261536077524696e-02
3.540579694685661721e-02
3.486570375558434298e-02
3.440475974304582629e-02
3.401475408444858128e-02
3.368730051583725127e-02
3.341422428964443275e-02
3.318787293245627906e-02
3.300135313090461070e-02
3.284870068965278084e-02
3.272499350708521493e-02
3.262641893879872357e-02
3.255030691702327783e-02
3.249513901268667043e-02
3.246054151022343542e-02
3.244726783070345927e-02
3.245717254552112768e-02
3.249317606726120911e-02
3.255921612894716738e-02
3.266017964694260117e-02
3.280180671630571893e-02
3.299055755819413349e-02
3.323343341034790122e-02
3.353774376649956701e-02
3.391081513842046646e-02
3.435964057648734776e-02
3.489047446435908362e-02
3.550838327402896372e-02
3.621676965092836264e-02
3.701689382153412755e-02
3.790742220178303090e-02
3.888403753299843335e-02
3.993914713483628226e-02
4.106172532677949960e-02
4.223732228652628956e-02
4.344826436688196958e-02
4.467406034308650520e-02
4.589201467604300810e-02
4.707803351946858450e-02
4.820759301826023357e-02
4.925682383994989949e-02
5.020365232484573503e-02
5.102892859018621358e-02
5.171746659026726922e-02
5.225892142918356353e-02
5.264843553288955924e-02
5.288699749404775219e-02
5.298147483000732738e-02
5.294430329660545359e-02
5.279283920500703331e-02
5.254840545179383093e-02
5.223508472604081188e-02
5.187833269949432280e-02
5.150349827561018917e-02
5.113434598517722224e-02
5.079167663953797901e-02
5.049213629100708645e-02
5.024729086579288184e-02
5.006302550589704359e-02
4.993930514551946781e-02
4.987030787046768665e-02
4.984491710578024815e-02
4.984753452854763511e-02
4.985915463377064982e-02
4.985862553316103285e-02
4.982401000111470746e-02
4.973395660761359416e-02
4.956899313967726844e-02
4.931266304561211788e-02
4.895243948142467827e-02
4.848036948018839831e-02
4.789342125880392820e-02
4.719352908712021177e-02
4.638735076482077002e-02
4.548577106193543718e-02
4.450319919521804335e-02
4.345671862527777235e-02
4.236515268295382164e-02
4.124810973689149729e-02
4.012506717922852822e-02
3.901454519618771655e-02
3.793341010679669723e-02
3.689633418333267134e-02
3.591542549078902830e-02
3.500002853088951538e-02
3.415668526740423677e-02
3.338923714632460737e-02
3.269904240400475087e-02
3.208527940251052618e-02
3.154530581800162742e-02
3.107504488046779895e-02
3.066937305052197527e-02
3.032248795055576818e-02
3.002824047405044938e-02
2.978042025687737543e-02
2.957298865536146446e-02
2.940025772939071358e-02
2.925701724037661072e-02
2.913861427256225767e-02
2.904099176647787980e-02
2.896069310698969404e-02
2.889484006591355042e-02
2.884109103807517421e-02
2.879758579042838648e-02
2.876288203367768914e-02
2.873588815532445925e-02
2.871579553162977028e-02
2.870201302461216838e-02
2.869410561153991346e-02
2.869173858718067002e-02
2.869462841651329588e-02
2.870250105266823268e-02
2.871505834259022519e-02
2.873195296236949817e-02
2.875277213917351582e-02
2.877703017413602363e-02
2.880416948444543268e-02
2.883356953202511480e-02
2.886456259899653973e-02
2.889645497109980671e-02
2.892855170323837058e-02
2.896018284545359006e-02
2.899072882342256310e-02
2.901964265356860376e-02
2.904646684499428283e-02
2.907084320594206100e-02
2.909251433357861599e-02
2.911131626421410365e-02
2.912716256622689334e-02
2.914002098496373816e-02
2.914988452150658882e-02
2.915673946862515353e-02
2.916053336573122545e-02
2.916114600405517177e-02
2.915836650227944526e-02
2.915187906049142297e-02
2.914125932045874209e-02
2.912598238276362453e-02
2.910544250353443163e-02
2.907898345531823373e-02
2.904593754371102149e-02
2.900567045871495914e-02
2.895762855430353624e-02
2.890138487571992584e-02
2.883668029832355331e-02
2.876345650159475506e-02
2.868187815344858810e-02
2.859234253587957658e-02
2.849547583445964302e-02
2.839211635411272722e-02
2.828328588770900182e-02
2.817015131190196003e-02
2.805397910869407430e-02
2.793608589202264958e-02
2.781778813985171309e-02
2.770035418065482785e-02
2.758496112540230125e-02
2.747265888600050610e-02
2.736434277098588608e-02
2.726073544017640002e-02
2.716237831641057920e-02
2.706963192752326330e-02
2.698268414691669392e-02
2.690156493130558754e-02
2.682616593088084020e-02
2.675626327537250840e-02
2.669154189077180619e-02
2.663161986530708514e-02
2.657607161956558259e-02
2.652444891472776137e-02
2.647629903706836749e-02
2.643117977503772406e-02
2.638867107444005031e-02
2.634838346606994258e-02
2.630996352358005302e-02
2.627309672988356604e-02
2.623750818701561446e-02
2.620296162892455163e-02
2.616925718563255232e-02
2.613622830297357771e-02
2.610373817546779787e-02
2.607167597887035879e-02
2.603995312913262236e-02
2.600849973145711799e-02
2.597726132753858108e-02
2.594619600254230440e-02
2.591527187841709268e-02
2.588446498947321109e-02
2.585375751981539710e-02
2.582313636791637099e-02
2.579259199826317364e-02
2.576211753806481944e-02
2.573170807679767830e-02
2.570136013372937081e-02
2.567107125556674849e-02
2.564083972010719123e-02
2.561066431844412003e-02
2.558054419732213799e-02
2.555047874941791114e-02
2.552046753220446954e-02
2.549051021598116792e-02
2.546060654425843020e-02
2.543075630958097078e-02
2.540095933673442233e-02
2.537121547050081444e-02
2.534152456909766551e-02
2.531188649882602434e-02
2.528230113183819322e-02
2.525276834364094392e-02
2.522328801153666741e-02
2.519386001535037917e-02
2.516448423569304926e-02
2.513516055406731300e-02
2.510588885418378602e-02
2.507666902049205185e-02
2.504750094037056299e-02
2.501838450385805018e-02
2.498931960586167275e-02
2.496030614803210548e-02
2.493134404137361052e-02
2.490243321075924846e-02
2.487357360164403619e-02
2.484476518781837326e-02
2.481600798324929899e-02
2.478730205928432462e-02
2.475864756494099844e-02
2.473004475775407787e-02
2.470149404132587073e-02
2.467299601571069576e-02
2.464455154206272175e-02
2.461616182404688033e-02
2.458782850988561544e-02
2.455955381730361153e-02
2.453134068459778341e-02
2.450319295069655276e-02
2.447511556487732762e-02
2.444711482410725362e-02
2.441919864036476776e-02
2.439137682810582630e-02
2.436366140596151614e-02
2.433606690059365515e-02
2.430861063480388093e-02
2.428131297953500453e-02
2.425419754274011838e-02
2.422729126653168363e-02
2.420062439651065808e-02
2.417423029210463356e-02
2.414814503774857790e-02
2.412240682827580113e-02
2.409705509889895764e-02
2.407212938504922628e-02
2.404766791054366304e-02
2.402370591425221844e-02
2.400027375216385456e-02
2.397739482595305158e-02
2.395508341614253911e-02
2.393334251823095796e-02
2.391216179181782434e-02
2.389151575788414639e-02
2.387136237392954718e-02
2.385164211972103793e-02
2.383227771871729642e-02
2.381317458861837225e-02
2.379422209454925413e-02
2.377529562864120691e-02
2.375625950105873449e-02
2.373697057062361046e-02
2.371728249914891243e-02
2.369705046171120127e-02
2.367613610759797954e-02
2.365441254139204891e-02
2.363176907176920208e-02
2.360811548621632658e-02
2.358338561765284738e-02
2.355754001193462524e-02
2.353056754355258365e-02
2.350248589220798115e-02
2.347334085029414638e-02
2.344320450491407457e-02
2.341217239392597363e-02
2.338035979617340138e-02
2.334789736016703449e-02
2.331492630114632633e-02
2.328159341742338032e-02
2.324804616693347190e-02
2.321442803336276270e-02
2.318087437656770819e-02
2.314750892335985452e-02
2.311444100318809855e-02
2.308176359002754238e-02
2.304955215424728948e-02
2.301786428985251945e-02
2.298674004180942601e-02
2.295620283455068050e-02
2.292626087441421504e-02
2.289690890336262483e-02
2.286813017118970517e-02
2.283989850873979766e-02
2.281218039511024448e-02
2.278493693606577913e-02
2.275812568373470138e-02
2.273170225912841957e-02
2.270562174754084742e-02
2.267983986458333920e-02
2.265431389482116739e-02
2.262900342456131836e-02
2.260387088670507555e-02
2.257888194622671360e-02
2.255400575333740137e-02
2.252921508547561791e-02
2.250448640008784196e-02
2.247979981658762907e-02
2.245513903768260600e-02
2.243049122022133454e-02
2.240584680188353189e-02
2.238119928905036096e-02
2.235654500806211545e-02
2.233188282316285467e-02
2.230721382893639110e-02
2.228254101848969188e-02
2.225786893770746733e-02
2.223320333212842545e-02
2.220855079557822881e-02
2.218391843158735652e-02
