0.09776164191499793 0.24585124823363158
0.10382159466983873 0.2576731040979746
0.110257185831232 0.26829477154969383
0.11709170010422178 0.2762760244936411
0.12434986554330606 0.281196796985398
0.13040770118475933 0.2870117098445596
0.13350990141905264 0.3039103626943005
0.13646188596859674 0.31859766839378234
0.13947914067929093 0.33353251295336783
0.14256310871381603 0.34805479274611406
0.14571526514405148 0.3622470207253886
0.1489371176566066 0.3764392487046633
0.15232271398978006 0.3914474381116868
0.15644914933871185 0.40787668393782384
0.16078501610891932 0.4249073575129534
0.16556989973291095 0.44250211964201613
0.16992377145169554 0.45907138744962583
0.17487435294495135 0.4755073009891664
0.17985490226870793 0.4925019689119172
0.1848394413186294 0.5083444559585494
0.1899621230003434 0.5241869430051814
0.19522677582969214 0.5395013471502591
0.20063733442686352 0.5547497409326426
0.2061978424569905 0.5698661139896374
0.2119124556522475 0.5845864248704664
0.21778544491770138 0.5991087046632126
0.22382119952323862 0.6133669430051814
0.23002423038395456 0.6272291191709846
0.23704630520444742 0.6428735751295338
0.24495145941242358 0.658716062176166
0.2531202391723693 0.6745585492227981
0.2615614360182413 0.6904010362694302
0.2681812736180033 0.7049233160621764
0.27739543064256117 0.7192805699481867
0.2862546336770271 0.7348480138169259
0.29580081504447314 0.7491502590673577
0.30566534786541205 0.7627924006908464
0.3167234976527882 0.7775347150259069
0.3290800837304853 0.7924341968911919
0.3419187471425991 0.8068621761658032
0.3562307986632214 0.8216791450777203
0.37215790853661007 0.8366965025906737
0.38986143495826214 0.8516130109383997
0.4095251124693971 0.8662819804260221
0.431358178184926 0.8806429015544044
0.45684619051396835 0.894733113518606
0.4851647240053635 0.9072150730098919
0.5152386389703374 0.9177167216203488
0.5461804380749246 0.9195670120898103
0.5610251990648472 0.9022000000000002
0.5798739269080099 0.8898031088082904
0.617114923753819 0.9027743758831843
0.6553680382576336 0.9144762129062649
0.6959923492969992 0.9244377767310412
0.7391348402766175 0.933259161563825
0.7849516056642899 0.9409403674046164
0.8336084157585594 0.9476614225153087
0.885281316464614 0.9534823363165335
0.9401572662485119 0.9585231276495527
0.9984348125742987 0.9630238341968914
1.0603248102714462 0.9666844088553935
1.126051184431747 0.9698048987282151
1.1958517405959126 0.9722652849740935
1.2699790251612264 0.9742455958549225
1.348701239123297 0.9756858219500709
1.4323032084579443 0.9765859632595386
1.5210874146541629 0.9768860103626945
1.6065672434388865 0.9746856649395512
1.643471227941951 0.9505326424870468
1.6390994726739383 0.9445409326424873
1.7534382795674628 0.9486815826660389
1.8621286915180628 0.9522821479039097
1.9775564980993452 0.9554626471973624
2.100139330320292 0.9583430993876592
2.230320706891173 0.9609835138954312
2.368571638924979 0.9632638718794162
2.51539233410951 0.9653642016015075
2.6713140065160155 0.9672244936410742
2.8369007985924695 0.9689647668393785
3.0127518222954888 0.9705250117757892
3.19950332674593 0.9719052284503065
3.3978310002509904 0.9730454074422988
3.608452415021803 0.9740055581723978
3.832129623431788 0.9749056994818656
4.069671915209317 0.9755658031088086
4.3219387455405185 0.9762259067357515
4.589842844676496 0.9766459726801698
4.87435352029575 0.9768860103626945
5.176500164570273 0.9768860103626945
5.49737597862418 0.9773060763071129
5.838141927860436 0.9775461139896375
6.200030942466499 0.9775461139896375
6.584352378296784 0.9775461139896375
6.992496754271927 0.9775461139896375
7.425940783435319 0.9775461139896375
7.886252715869832 0.9775461139896375
8.375098012806017 0.9774861045690064
8.894245372451369 0.9765859632595386
9.445573129342776 0.9747856806406032
10.03107605037575 0.9702249646726333
10.565864115714932 0.9595582901554407
10.958089526326086 0.9411303972366151
11.282327517089438 0.9240777202072541
11.563354323052016 0.9088128238341971
11.819027070464314 0.8933003886010364
12.080352896727534 0.8767152849740935
12.313748479482488 0.8610378238341971
12.51738755816124 0.8473956822107083
12.724394325763804 0.8334234887737481
12.934824475572466 0.8192312607944734
13.14873462189922 0.8048189982728844
13.366182315317376 0.7900766839378239
13.587226058145056 0.7753343696027636
13.811925320184624 0.7607020725388602
14.040340554722558 0.7459597582037998
14.272533214793816 0.7306673575129535
14.508565769715275 0.715815025906736
14.748501721892453 0.7004126079447324
14.992405623904279 0.6854502590673577
15.240343095870436 0.6699378238341971
15.492380843105758 0.654755440414508
15.748586674066745 0.6394630397236616
16.009029518594783 0.6237305699481867
16.27377944646115 0.6084381692573404
16.542907686218555 0.5932557858376513
16.816486644364577 0.5775233160621762
17.09458992482202 0.5616808290155442
17.377292348741282 0.5463884283246979
17.664669974630367 0.5312060449050088
17.956800118817696 0.5154735751295337
18.253761376253433 0.4996310880829016
18.55563364165464 0.4837886010362695
18.862498131000258 0.4681661485319517
19.174437403381596 0.4530937823834198
19.491535383213982 0.4375813471502591
19.813877382815942 0.42173886010362693
20.141550125361654 0.4058963730569949
20.47464176821312 0.3900538860103627
20.81324192663796 0.37509153713298793
21.157441697919662 0.35968911917098445
21.50733368586652 0.3438466321243524
21.863012025725745 0.32866424870466326
22.224572409509737 0.3133718480138169
22.592112111741148 0.2984094991364422
22.965730015623766 0.28366718480138164
23.354645560721227 0.2683119170984456
23.912499594301785 0.25157881404720783
24.456071755609052 0.23534209844559584
25.01200024517818 0.22040725388601035
25.740703148045927 0.20444474799811585
26.473817178194082 0.18892031088082895
27.281997797683733 0.1741999999999999
28.50177828303149 0.1584518134715025
29.61374086026914 0.1433637305699481
30.853314263168187 0.12881787564766833
32.321004326242054 0.11383719055843411
34.04413824394402 0.09914621761658016
36.05573199404855 0.08448591615638235
38.290719338216874 0.07176391898257173
40.664246885352576 0.06060216674517194
